Vertex Count: 84

Data:

-73.1402 28.8573 -0.1081 0.0629 0.9098 -0.9427 0.3322 0.0317
-73.7121 27.0051 2.2959 0.0198 0.9785 -0.9427 0.3322 0.0317
-73.1582 28.5674 2.3962 0.0629 0.9778 -0.9427 0.3322 0.0317
-73.1402 28.8573 -0.1081 0.0629 0.9098 -0.9581 0.2863 -0.0074
-73.6154 27.26 -0.3664 0.021 0.9136 -0.9581 0.2863 -0.0074
-73.7121 27.0051 2.2959 0.0198 0.9785 -0.9581 0.2863 -0.0074
-72.8576 28.9296 5.2768 0.0665 0.912 -0.9505 0.2995 0.083
-73.0987 27.4517 7.8471 0.0234 0.9807 -0.9505 0.2995 0.083
-72.6568 28.8553 7.8438 0.0665 0.98 -0.9505 0.2995 0.083
-72.8576 28.9296 5.2768 0.0665 0.912 -0.9266 0.357 0.1183
-73.5034 27.2774 5.2043 0.0246 0.9158 -0.9266 0.357 0.1183
-73.0987 27.4517 7.8471 0.0234 0.9807 -0.9266 0.357 0.1183
-70.7874 30.2176 9.8797 0.0665 0.9113 -0.9584 0.1566 0.2388
-70.5182 28.2582 12.2459 0.0234 0.98 -0.9593 0.1539 0.2366
-70.2003 30.2025 12.3316 0.0665 0.9793 -0.9617 0.147 0.2312
-70.7874 30.2176 9.8797 0.0665 0.9113 -0.9584 0.1566 0.2388
-71.1408 28.3101 9.7735 0.0265 0.9116 -0.9559 0.1635 0.2441
-70.5182 28.2582 12.2459 0.0234 0.98 -0.9593 0.1539 0.2366
-72.9209 28.8073 -3.0047 0.0173 0.9646 -0.8923 0.2401 0.3822
-72.2664 30.7895 -4.9857 0.0642 0.9029 -0.9296 0.3641 0.0572
-72.8832 29.2926 -5.3608 0.0223 0.9066 -0.9281 0.3672 0.0608
-72.9209 28.8073 -3.0047 0.0173 0.9646 -0.8923 0.2401 0.3822
-72.2891 30.372 -2.4994 0.0642 0.9709 -0.925 0.297 0.2369
-72.2664 30.7895 -4.9857 0.0642 0.9029 -0.9296 0.3641 0.0572
-72.3613 28.9208 -2.6447 0.0249 0.9785 -0.5317 -0.0582 0.8449
-72.2891 30.372 -2.4994 0.0642 0.9709 -0.925 0.297 0.2369
-72.9209 28.8073 -3.0047 0.0173 0.9646 -0.8923 0.2401 0.3822
65.6992 29.7885 6.5776 0.0246 0.9158 0.9207 0.3727 0.1157
64.7444 31.3339 9.1992 0.0665 0.98 0.926 0.3551 0.128
65.2365 29.9472 9.2118 0.0234 0.9807 0.9322 0.3321 0.1438
64.9929 31.4163 6.6367 0.0665 0.912 0.914 0.3929 0.1013
64.7444 31.3339 9.1992 0.0665 0.98 0.926 0.3551 0.128
65.6992 29.7885 6.5776 0.0246 0.9158 0.9207 0.3727 0.1157
65.3738 31.0664 3.7628 0.0629 0.9778 0.9365 0.3496 0.0263
65.9323 29.7773 1.0102 0.021 0.9136 0.9415 0.3354 0.034
65.3947 31.3563 1.2585 0.0629 0.9098 0.9478 0.3157 0.0445
65.9856 29.5251 3.674 0.0198 0.9785 0.9297 0.3681 0.0162
65.9323 29.7773 1.0102 0.021 0.9136 0.9415 0.3354 0.034
65.3738 31.0664 3.7628 0.0629 0.9778 0.9365 0.3496 0.0263
64.5482 33.2575 -3.6361 0.0642 0.9029 0.9145 0.3974 0.0754
65.2346 31.2995 -1.6418 0.0173 0.9646 0.8754 0.272 0.3997
65.2258 31.7839 -3.9984 0.0223 0.9066 0.9129 0.4004 0.0789
64.5369 32.8402 -1.1496 0.0642 0.9709 0.9089 0.3301 0.255
65.2346 31.2995 -1.6418 0.0173 0.9646 0.8754 0.272 0.3997
64.5482 33.2575 -3.6361 0.0642 0.9029 0.9145 0.3974 0.0754
64.5369 32.8402 -1.1496 0.0642 0.9709 0.9089 0.3301 0.255
64.6642 31.3926 -1.2929 0.0249 0.9785 0.5167 -0.0393 0.8553
65.2346 31.2995 -1.6418 0.0173 0.9646 0.8754 0.272 0.3997
63.2413 30.986 12.3968 0.0155 0.9453 0.9601 0.1529 0.2343
62.0272 32.5878 13.6361 0.0665 0.9793 0.7684 0.0925 0.6332
62.4166 30.6562 13.5573 0.0234 0.98 0.7892 0.1347 0.5991
63.2413 30.986 12.3968 0.0155 0.9453 0.9601 0.1529 0.2343
62.9128 33.0237 12.5707 0.0733 0.9453 0.9475 0.1445 0.2853
62.0272 32.5878 13.6361 0.0665 0.9793 0.7684 0.0925 0.6332
63.0855 30.7314 11.0976 0.0265 0.9116 0.9639 0.1915 -0.1849
62.9128 33.0237 12.5707 0.0733 0.9453 0.9475 0.1445 0.2853
63.2413 30.986 12.3968 0.0155 0.9453 0.9601 0.1529 0.2343
63.0855 30.7314 11.0976 0.0265 0.9116 0.9639 0.1915 -0.1849
62.6614 32.625 11.1962 0.0665 0.9113 0.9451 0.2241 -0.2379
62.9128 33.0237 12.5707 0.0733 0.9453 0.9475 0.1445 0.2853
52.8795 35.3562 -11.7399 0.0154 0.9372 -0.0929 0.5371 -0.8384
54.2358 36.6274 -10.1475 0.0665 0.9712 0.3612 0.5541 -0.75
54.5881 35.3096 -10.7506 0.0271 0.9788 0.4523 0.4683 -0.7591
52.8795 35.3562 -11.7399 0.0154 0.9372 -0.0929 0.5371 -0.8384
52.5944 36.9833 -10.4501 0.0733 0.9372 -0.105 0.6064 -0.7882
54.2358 36.6274 -10.1475 0.0665 0.9712 0.3612 0.5541 -0.75
52.8795 35.3562 -11.7399 0.0154 0.9372 -0.0929 0.5371 -0.8384
51.1697 36.0922 -10.1506 0.0665 0.9032 -0.5261 0.3993 -0.7509
52.5944 36.9833 -10.4501 0.0733 0.9372 -0.105 0.6064 -0.7882
51.2855 34.7333 -10.7538 0.0271 0.8955 -0.5827 0.2878 -0.7601
51.1697 36.0922 -10.1506 0.0665 0.9032 -0.5261 0.3993 -0.7509
52.8795 35.3562 -11.7399 0.0154 0.9372 -0.0929 0.5371 -0.8384
-61.9558 34.5314 -11.2937 0.0665 0.9712 -0.3661 0.541 -0.7572
-60.5234 33.3105 -12.8586 0.0154 0.9372 0.09 0.5404 -0.8366
-62.2484 33.202 -11.9031 0.0271 0.9788 -0.4538 0.4519 -0.768
-60.3227 34.9463 -11.564 0.0733 0.9372 0.0986 0.6101 -0.7862
-60.5234 33.3105 -12.8586 0.0154 0.9372 0.09 0.5404 -0.8366
-61.9558 34.5314 -11.2937 0.0665 0.9712 -0.3661 0.541 -0.7572
-58.873 34.1071 -11.2361 0.0665 0.9032 0.526 0.4183 -0.7405
-60.5234 33.3105 -12.8586 0.0154 0.9372 0.09 0.5404 -0.8366
-60.3227 34.9463 -11.564 0.0733 0.9372 0.0986 0.6101 -0.7862
-58.873 34.1071 -11.2361 0.0665 0.9032 0.526 0.4183 -0.7405
-58.9278 32.7452 -11.8411 0.0271 0.8955 0.5868 0.3089 -0.7485
-60.5234 33.3105 -12.8586 0.0154 0.9372 0.09 0.5404 -0.8366
