Vertex Count: 1005

Data:

65.9002 29.4839 3.679 0.0872 0.9077 0.6669 -0.6693 0.3276
65.3947 31.3563 1.2585 0.0576 0.897 0.9486 0.3132 0.0442
65.3738 31.0664 3.7628 0.0759 0.9234 0.9486 0.3132 0.0442
65.9002 29.4839 3.679 0.0872 0.9077 0.6669 -0.6693 0.3276
65.9228 29.7961 0.9857 0.0619 0.8719 1 -0.0028 0.0081
65.3947 31.3563 1.2585 0.0576 0.897 0.9486 0.3133 0.0443
65.1564 29.0192 2.2541 0.0787 0.8782 -0.0029 -0.9935 -0.1134
65.9228 29.7961 0.9857 0.0619 0.8719 1 -0.0028 0.0081
65.9002 29.4839 3.679 0.0872 0.9077 0.6669 -0.6693 0.3276
65.1564 29.0192 2.2541 0.0787 0.8782 -0.0029 -0.9935 -0.1134
63.8454 31.0377 0.3075 0.0716 0.8304 -0.5153 -0.5068 -0.6911
65.9228 29.7961 0.9857 0.0619 0.8719 -0.2496 -0.7513 -0.6109
62.2161 30.5766 2.2737 0.0883 0.8522 -0.8283 -0.5569 -0.0616
63.8454 31.0377 0.3075 0.0716 0.8304 -0.5153 -0.5068 -0.6911
65.1564 29.0192 2.2541 0.0787 0.8782 -0.0029 -0.9935 -0.1134
62.2161 30.5766 2.2737 0.0883 0.8522 -0.8283 -0.5569 -0.0616
62.0608 34.3466 1.0874 0.0957 0.7823 -0.5738 -0.2696 -0.7734
63.8454 31.0377 0.3075 0.0716 0.8304 -0.5153 -0.5068 -0.6911
62.0339 33.9443 4.5578 0.1195 0.8138 -0.4773 -0.5655 0.6726
62.0608 34.3466 1.0874 0.0957 0.7823 -0.5738 -0.2696 -0.7734
62.2161 30.5766 2.2737 0.0883 0.8522 -0.8283 -0.5569 -0.0616
62.0339 33.9443 4.5578 0.1195 0.8138 -0.4773 -0.5655 0.6726
60.1936 35.5147 1.3072 0.1047 0.7578 -0.3614 -0.6568 -0.6619
62.0608 34.3466 1.0874 0.0957 0.7823 -0.5738 -0.2696 -0.7734
60.1682 35.1351 4.5824 0.1279 0.7868 -0.425 -0.7293 0.5362
60.1936 35.5147 1.3072 0.1047 0.7578 -0.3614 -0.6568 -0.6619
62.0339 33.9443 4.5578 0.1195 0.8138 -0.4773 -0.5655 0.6726
60.1682 35.1351 4.5824 0.1279 0.7868 -0.425 -0.7293 0.5362
58.6631 36.5161 0.8494 0.1035 0.7345 -0.4734 -0.8795 -0.0495
60.1936 35.5147 1.3072 0.1047 0.7578 -0.3614 -0.6568 -0.6619
58.2594 36.3646 4.8676 0.1383 0.7791 -0.446 -0.8785 -0.1715
58.6631 36.5161 0.8494 0.1035 0.7345 -0.4734 -0.8795 -0.0495
60.1682 35.1351 4.5824 0.1279 0.7868 -0.425 -0.7293 0.5362
58.2594 36.3646 4.8676 0.1383 0.7791 -0.446 -0.8785 -0.1715
55.1396 37.2589 6.8485 0.1664 0.7349 -0.4127 -0.9043 -0.1095
58.6631 36.5161 0.8494 0.1035 0.7345 -0.4734 -0.8795 -0.0495
57.1876 36.0726 8.2223 0.1796 0.7882 -0.5227 -0.8272 -0.2063
55.1396 37.2589 6.8485 0.1664 0.7349 -0.4127 -0.9043 -0.1095
58.2594 36.3646 4.8676 0.1383 0.7791 -0.446 -0.8785 -0.1715
57.1876 36.0726 8.2223 0.1796 0.7882 -0.5227 -0.8272 -0.2063
54.3617 37.3842 11.3464 0.2035 0.751 -0.5829 -0.672 0.4568
55.1396 37.2589 6.8485 0.1664 0.7349 -0.4127 -0.9043 -0.1095
58.4204 34.5829 9.1837 0.1873 0.7969 -0.2273 -0.6128 -0.7568
54.3617 37.3842 11.3464 0.2035 0.751 -0.5829 -0.672 0.4568
57.1876 36.0726 8.2223 0.1796 0.7882 -0.5227 -0.8272 -0.2063
58.4204 34.5829 9.1837 0.1873 0.7969 -0.2273 -0.6128 -0.7568
57.4929 34.8007 11.7694 0.2079 0.7822 -0.7686 -0.5996 0.2229
54.3617 37.3842 11.3464 0.2035 0.751 -0.616 -0.7721 -0.1559
59.4311 33.3414 9.6629 0.1938 0.8252 -0.3276 -0.3654 -0.8713
57.4929 34.8007 11.7694 0.2079 0.7822 -0.7686 -0.5996 0.2229
58.4204 34.5829 9.1837 0.1873 0.7969 -0.2273 -0.6128 -0.7568
59.4311 33.3414 9.6629 0.1938 0.8252 -0.3276 -0.3654 -0.8713
58.386 33.0932 12.1695 0.2136 0.8074 -0.8292 -0.515 0.2171
57.4929 34.8007 11.7694 0.2079 0.7822 -0.7686 -0.5996 0.2229
60.2697 30.1548 11.0528 0.2151 0.8647 -0.5297 -0.7619 -0.3728
58.386 33.0932 12.1695 0.2136 0.8074 -0.8292 -0.515 0.2171
59.4311 33.3414 9.6629 0.1938 0.8252 -0.3276 -0.3654 -0.8713
60.2697 30.1548 11.0528 0.2151 0.8647 -0.5297 -0.7619 -0.3728
59.3086 33.6293 13.4557 0.2324 0.8105 -0.7417 -0.508 0.438
58.386 33.0932 12.1695 0.2136 0.8074 -0.8292 -0.515 0.2171
60.2697 30.1548 11.0528 0.2151 0.8647 -0.5297 -0.7619 -0.3728
60.2609 30.6081 13.4544 0.2375 0.8486 -0.6836 -0.702 0.1998
59.3086 33.6293 13.4557 0.2324 0.8105 -0.7417 -0.508 0.438
61.4912 29.7429 11.5772 0.2203 0.8861 0.0267 -0.9871 -0.1579
60.2609 30.6081 13.4544 0.2375 0.8486 -0.6836 -0.702 0.1998
60.2697 30.1548 11.0528 0.2151 0.8647 -0.5297 -0.7619 -0.3728
61.4912 29.7429 11.5772 0.2203 0.8861 0.0267 -0.9871 -0.1579
62.4782 30.4405 13.605 0.2409 0.8949 0.7312 -0.5759 0.3656
60.2609 30.6081 13.4544 0.2375 0.8486 -0.6836 -0.702 0.1998
63.1601 30.4807 10.981 0.2135 0.9162 0.7541 -0.6304 -0.1843
62.4782 30.4405 13.605 0.2409 0.8949 0.7312 -0.5759 0.3656
61.4912 29.7429 11.5772 0.2203 0.8861 0.0267 -0.9871 -0.1579
62.6614 32.625 11.1962 0.225 0.9415 0.9484 0.1956 0.2495
62.4782 30.4405 13.605 0.2409 0.8949 0.7312 -0.5759 0.3656
63.1601 30.4807 10.981 0.2135 0.9162 0.7541 -0.6304 -0.1843
62.6614 32.625 11.1962 0.225 0.9415 0.9484 0.1956 0.2495
62.0272 32.5878 13.6361 0.2434 0.9258 0.9484 0.1956 0.2495
62.4782 30.4405 13.605 0.2409 0.8949 0.7312 -0.5759 0.3656
58.7555 34.8172 13.4254 0.2305 0.7899 -0.739 -0.3144 0.5959
58.386 33.0932 12.1695 0.2136 0.8074 -0.8292 -0.515 0.2171
59.3086 33.6293 13.4557 0.2324 0.8105 -0.7055 -0.3122 0.6362
58.7555 34.8172 13.4254 0.2305 0.7899 -0.739 -0.3144 0.5959
57.4929 34.8007 11.7694 0.2079 0.7822 -0.7686 -0.5996 0.2229
58.386 33.0932 12.1695 0.2136 0.8074 -0.8292 -0.515 0.2171
57.6721 36.3294 12.9813 0.2285 0.7689 -0.5951 -0.447 0.6679
57.4929 34.8007 11.7694 0.2079 0.7822 -0.7686 -0.5996 0.2229
58.7555 34.8172 13.4254 0.2305 0.7899 -0.739 -0.3144 0.5959
57.6721 36.3294 12.9813 0.2285 0.7689 -0.5951 -0.447 0.6679
54.3617 37.3842 11.3464 0.2035 0.751 -0.5829 -0.672 0.4568
57.4929 34.8007 11.7694 0.2079 0.7822 -0.7686 -0.5996 0.2229
55.0617 39.0489 12.8694 0.2236 0.7422 -0.5465 -0.4285 0.7195
54.3617 37.3842 11.3464 0.2035 0.751 -0.5829 -0.672 0.4568
57.6721 36.3294 12.9813 0.2285 0.7689 -0.5951 -0.447 0.6679
50.9627 38.8635 9.2107 0.1988 0.6885 -0.4703 -0.881 0.0526
54.3617 37.3842 11.3464 0.2035 0.751 -0.5829 -0.672 0.4568
55.0617 39.0489 12.8694 0.2236 0.7422 -0.5465 -0.4285 0.7195
50.9627 38.8635 9.2107 0.1988 0.6885 -0.4703 -0.881 0.0526
55.1396 37.2589 6.8485 0.1664 0.7349 -0.4127 -0.9043 -0.1095
54.3617 37.3842 11.3464 0.2035 0.751 -0.5829 -0.672 0.4568
51.6948 39.1954 4.9466 0.1656 0.661 -0.3536 -0.9313 -0.0873
55.1396 37.2589 6.8485 0.1664 0.7349 -0.4127 -0.9043 -0.1095
50.9627 38.8635 9.2107 0.1988 0.6885 -0.4703 -0.881 0.0526
53.622 38.2985 -9.4404 0.0616 0.4568 0.3505 0.3993 -0.8472
53.6269 39.932 -9.1186 0.0702 0.4548 0.2308 0.4519 -0.8617
54.0472 39.6179 -8.6524 0.0699 0.4462 0.8059 0.488 -0.3352
51.169 37.8704 -9.4428 0.0647 0.4941 -0.4993 0.2654 -0.8248
53.6269 39.932 -9.1186 0.0702 0.4548 0.2308 0.4519 -0.8617
53.622 38.2985 -9.4404 0.0616 0.4568 0.3505 0.3993 -0.8472
51.169 37.8704 -9.4428 0.0647 0.4941 -0.4993 0.2654 -0.8248
50.7722 39.4338 -9.1214 0.0732 0.4928 -0.5764 0.4558 -0.6782
53.6269 39.932 -9.1186 0.0702 0.4548 0.2308 0.4519 -0.8617
54.2358 36.6274 -10.1475 0.0458 0.4524 0.7413 0.6512 -0.1628
55.3544 35.5101 -9.1264 0.0454 0.4244 0.8103 0.418 -0.4108
54.5983 35.3614 -10.9421 0.0345 0.4434 0.8036 0.464 -0.3726
54.2358 36.6274 -10.1475 0.0458 0.4524 0.7413 0.6512 -0.1628
53.6271 37.1806 -10.5177 0.0505 0.4623 0.3236 0.2211 -0.92
55.3544 35.5101 -9.1264 0.0454 0.4244 0.8103 0.418 -0.4108
51.1697 36.0922 -10.1506 0.051 0.5041 -0.9184 0.3557 -0.1731
53.6271 37.1806 -10.5177 0.0505 0.4623 0.3236 0.2211 -0.92
54.2358 36.6274 -10.1475 0.0458 0.4524 0.7413 0.6512 -0.1628
51.1697 36.0922 -10.1506 0.051 0.5041 -0.9184 0.3557 -0.1731
51.5558 36.8194 -10.5195 0.0534 0.4925 -0.3757 0.0984 -0.9215
53.6271 37.1806 -10.5177 0.0505 0.4623 0.3236 0.2211 -0.92
50.494 34.6619 -9.1311 0.0516 0.5321 -0.83 -0.5569 -0.0308
51.5558 36.8194 -10.5195 0.0534 0.4925 -0.3757 0.0984 -0.9215
51.1697 36.0922 -10.1506 0.051 0.5041 -0.9184 0.3557 -0.1731
50.494 34.6619 -9.1311 0.0516 0.5321 -0.83 -0.5569 -0.0308
51.169 37.8704 -9.4428 0.0647 0.4941 -0.4993 0.2654 -0.8248
51.5558 36.8194 -10.5195 0.0534 0.4925 -0.3757 0.0984 -0.9215
50.4827 38.996 -8.6558 0.0741 0.5017 -0.9327 0.2091 -0.2939
51.169 37.8704 -9.4428 0.0647 0.4941 -0.4993 0.2654 -0.8248
50.494 34.6619 -9.1311 0.0516 0.5321 -0.83 -0.5569 -0.0308
50.4827 38.996 -8.6558 0.0741 0.5017 -0.9327 0.2091 -0.2939
50.7722 39.4338 -9.1214 0.0732 0.4928 -0.5764 0.4558 -0.6782
51.169 37.8704 -9.4428 0.0647 0.4941 -0.4993 0.2654 -0.8248
51.071 40.0936 -8.1359 0.0822 0.4897 -0.5468 0.6739 -0.4969
50.7722 39.4338 -9.1214 0.0732 0.4928 -0.5764 0.4558 -0.6782
50.4827 38.996 -8.6558 0.0741 0.5017 -0.9327 0.2091 -0.2939
51.071 40.0936 -8.1359 0.0822 0.4897 -0.5468 0.6739 -0.4969
53.6269 39.932 -9.1186 0.0702 0.4548 0.2308 0.4519 -0.8617
50.7722 39.4338 -9.1214 0.0732 0.4928 -0.5764 0.4558 -0.6782
53.1332 40.4534 -8.1339 0.0789 0.4536 0.2784 0.8249 -0.492
53.6269 39.932 -9.1186 0.0702 0.4548 0.2308 0.4519 -0.8617
51.071 40.0936 -8.1359 0.0822 0.4897 -0.5468 0.6739 -0.4969
53.1332 40.4534 -8.1339 0.0789 0.4536 0.2784 0.8249 -0.492
54.0472 39.6179 -8.6524 0.0699 0.4462 0.8059 0.488 -0.3352
53.6269 39.932 -9.1186 0.0702 0.4548 0.6492 0.7569 -0.0753
54.5268 39.4052 -6.4569 0.0778 0.4163 0.8535 0.4006 -0.3334
54.0472 39.6179 -8.6524 0.0699 0.4462 0.8059 0.488 -0.3352
53.1332 40.4534 -8.1339 0.0789 0.4536 0.2784 0.8249 -0.492
54.7808 38.2741 -7.3842 0.0671 0.4186 0.9256 0.3297 -0.1861
54.0472 39.6179 -8.6524 0.0699 0.4462 0.8059 0.488 -0.3352
54.5268 39.4052 -6.4569 0.0778 0.4163 0.8535 0.4006 -0.3334
55.3544 35.5101 -9.1264 0.0454 0.4244 0.8103 0.418 -0.4108
54.0472 39.6179 -8.6524 0.0699 0.4462 0.8059 0.488 -0.3352
54.7808 38.2741 -7.3842 0.0671 0.4186 0.9256 0.3297 -0.1861
55.3544 35.5101 -9.1264 0.0454 0.4244 0.8103 0.418 -0.4108
53.622 38.2985 -9.4404 0.0616 0.4568 0.3505 0.3993 -0.8472
54.0472 39.6179 -8.6524 0.0699 0.4462 0.8059 0.488 -0.3352
53.6271 37.1806 -10.5177 0.0505 0.4623 0.3236 0.2211 -0.92
53.622 38.2985 -9.4404 0.0616 0.4568 0.3505 0.3993 -0.8472
55.3544 35.5101 -9.1264 0.0454 0.4244 0.8103 0.418 -0.4108
53.6271 37.1806 -10.5177 0.0505 0.4623 0.3236 0.2211 -0.92
51.169 37.8704 -9.4428 0.0647 0.4941 -0.4993 0.2654 -0.8248
53.622 38.2985 -9.4404 0.0616 0.4568 0.3505 0.3993 -0.8472
51.5558 36.8194 -10.5195 0.0534 0.4925 -0.3757 0.0984 -0.9215
51.169 37.8704 -9.4428 0.0647 0.4941 -0.4993 0.2654 -0.8248
53.6271 37.1806 -10.5177 0.0505 0.4623 0.3236 0.2211 -0.92
47.7977 42.6675 -1.1262 0.1455 0.5276 -0.9851 0.0795 -0.1526
48.983 38.9531 -1.3854 0.1248 0.5722 -0.5919 -0.7969 0.1209
49.0256 39.4867 1.3328 0.1441 0.593 -0.4141 -0.906 0.0872
47.9484 41.2694 -2.9211 0.1278 0.5282 -0.9686 -0.0556 -0.2423
48.983 38.9531 -1.3854 0.1248 0.5722 -0.5919 -0.7969 0.1209
47.7977 42.6675 -1.1262 0.1455 0.5276 -0.9851 0.0795 -0.1526
47.9484 41.2694 -2.9211 0.1278 0.5282 -0.9686 -0.0556 -0.2423
50.5254 37.5643 -4.3583 0.0933 0.5689 -0.4008 -0.8675 0.2948
48.983 38.9531 -1.3854 0.1248 0.5722 -0.5919 -0.7969 0.1209
49.1616 39.868 -5.2966 0.1034 0.5282 -0.8954 -0.198 -0.3989
50.5254 37.5643 -4.3583 0.0933 0.5689 -0.4008 -0.8675 0.2948
47.9484 41.2694 -2.9211 0.1278 0.5282 -0.9686 -0.0556 -0.2423
49.1616 39.868 -5.2966 0.1034 0.5282 -0.8954 -0.198 -0.3989
50.2167 38.653 -6.461 0.087 0.5287 -0.9737 -0.1047 -0.2021
50.5254 37.5643 -4.3583 0.0933 0.5689 -0.4008 -0.8675 0.2948
50.2991 41.1978 -6.692 0.0984 0.4936 -0.5477 0.5049 -0.6671
50.2167 38.653 -6.461 0.087 0.5287 -0.9737 -0.1047 -0.2021
49.1616 39.868 -5.2966 0.1034 0.5282 -0.8954 -0.198 -0.3989
50.2991 41.1978 -6.692 0.0984 0.4936 -0.5477 0.5049 -0.6671
51.071 40.0936 -8.1359 0.0822 0.4897 -0.5468 0.6739 -0.4969
50.2167 38.653 -6.461 0.087 0.5287 -0.9737 -0.1047 -0.2021
53.2694 41.4445 -6.9636 0.0898 0.4443 0.3442 0.7835 -0.5173
51.071 40.0936 -8.1359 0.0822 0.4897 -0.5468 0.6739 -0.4969
50.2991 41.1978 -6.692 0.0984 0.4936 -0.5477 0.5049 -0.6671
53.2694 41.4445 -6.9636 0.0898 0.4443 0.3442 0.7835 -0.5173
53.1332 40.4534 -8.1339 0.0789 0.4536 0.2784 0.8249 -0.492
51.071 40.0936 -8.1359 0.0822 0.4897 -0.5468 0.6739 -0.4969
54.6293 40.2823 -5.7913 0.0848 0.4138 0.784 0.5041 -0.3623
53.1332 40.4534 -8.1339 0.0789 0.4536 0.2784 0.8249 -0.492
53.2694 41.4445 -6.9636 0.0898 0.4443 0.3442 0.7835 -0.5173
54.6293 40.2823 -5.7913 0.0848 0.4138 0.784 0.5041 -0.3623
54.5268 39.4052 -6.4569 0.0778 0.4163 0.8535 0.4006 -0.3334
53.1332 40.4534 -8.1339 0.0789 0.4536 0.2784 0.8249 -0.492
62.0608 34.3466 1.0874 0.0957 0.7823 -0.5738 -0.2696 -0.7734
63.5173 34.6668 0.8144 0.084 0.7814 -0.1943 0.0489 -0.9797
63.8454 31.0377 0.3075 0.0716 0.8304 -0.5153 -0.5068 -0.6911
62.0608 34.3466 1.0874 0.0957 0.7823 -0.5738 -0.2696 -0.7734
62.5425 35.8547 0.9358 0.0898 0.7628 -0.16 -0.0302 -0.9867
63.5173 34.6668 0.8144 0.084 0.7814 -0.1943 0.0489 -0.9797
60.1936 35.5147 1.3072 0.1047 0.7578 -0.3614 -0.6568 -0.6619
62.5425 35.8547 0.9358 0.0898 0.7628 -0.16 -0.0302 -0.9867
62.0608 34.3466 1.0874 0.0957 0.7823 -0.5738 -0.2696 -0.7734
60.1936 35.5147 1.3072 0.1047 0.7578 -0.3614 -0.6568 -0.6619
61.4531 37.0939 1.1186 0.0982 0.7482 -0.036 -0.0597 -0.9976
62.5425 35.8547 0.9358 0.0898 0.7628 -0.16 -0.0302 -0.9867
58.6631 36.5161 0.8494 0.1035 0.7345 -0.4734 -0.8795 -0.0495
61.4531 37.0939 1.1186 0.0982 0.7482 -0.036 -0.0597 -0.9976
60.1936 35.5147 1.3072 0.1047 0.7578 -0.3614 -0.6568 -0.6619
58.6631 36.5161 0.8494 0.1035 0.7345 -0.4734 -0.8795 -0.0495
59.5325 37.3912 0.946 0.0981 0.7451 0.4968 -0.409 -0.7655
61.4531 37.0939 1.1186 0.0982 0.7482 -0.036 -0.0597 -0.9976
58.6631 36.5161 0.8494 0.1035 0.7345 -0.4734 -0.8795 -0.0495
60.8974 36.6965 0.8575 0.0964 0.7451 0.0248 -0.2662 0.9636
59.5325 37.3912 0.946 0.0981 0.7451 0.4968 -0.409 -0.7655
59.8785 35.0296 0.3592 0.0898 0.7328 -0.4363 -0.728 0.5287
60.8974 36.6965 0.8575 0.0964 0.7451 0.0248 -0.2662 0.9636
58.6631 36.5161 0.8494 0.1035 0.7345 -0.4734 -0.8795 -0.0495
59.8785 35.0296 0.3592 0.0898 0.7328 -0.4363 -0.728 0.5287
61.9692 35.5728 0.4544 0.0879 0.76 0.0498 -0.3153 0.9477
60.8974 36.6965 0.8575 0.0964 0.7451 0.0248 -0.2662 0.9636
61.5225 34.1106 -0.0135 0.0762 0.7459 -0.2834 -0.68 0.6762
61.9692 35.5728 0.4544 0.0879 0.76 0.0498 -0.3153 0.9477
59.8785 35.0296 0.3592 0.0898 0.7328 -0.4363 -0.728 0.5287
61.5225 34.1106 -0.0135 0.0762 0.7459 -0.2834 -0.68 0.6762
62.9222 34.504 0.0085 0.0731 0.7679 -0.1214 -0.4493 0.8851
61.9692 35.5728 0.4544 0.0879 0.76 0.0498 -0.3153 0.9477
61.8529 31.7998 -2.1743 0.0453 0.7427 -0.7191 -0.6949 -0.0078
62.9222 34.504 0.0085 0.0731 0.7679 -0.1214 -0.4493 0.8851
61.5225 34.1106 -0.0135 0.0762 0.7459 -0.2834 -0.68 0.6762
61.8529 31.7998 -2.1743 0.0453 0.7427 -0.7191 -0.6949 -0.0078
62.9457 32.1783 -0.2074 0.0545 0.7798 -0.6914 -0.5016 0.5201
62.9222 34.504 0.0085 0.0731 0.7679 -0.1214 -0.4493 0.8851
63.7009 31.026 -2.4211 0.0345 0.7527 -0.0645 -0.9896 -0.1284
62.9457 32.1783 -0.2074 0.0545 0.7798 -0.6914 -0.5016 0.5201
61.8529 31.7998 -2.1743 0.0453 0.7427 -0.7191 -0.6949 -0.0078
63.7009 31.026 -2.4211 0.0345 0.7527 -0.0645 -0.9896 -0.1284
64.6794 31.4024 -1.3163 0.0316 0.792 0.6507 -0.7297 0.2103
62.9457 32.1783 -0.2074 0.0545 0.7798 -0.6914 -0.5016 0.5201
64.6794 31.4024 -1.3163 0.0316 0.792 0.6507 -0.7297 0.2103
64.5482 33.2575 -3.6361 0.0067 0.7596 0.9944 0.1027 0.0259
64.5369 32.8402 -1.1496 0.0162 0.7946 0.9951 0.0962 0.0206
64.6794 31.4024 -1.3163 0.0316 0.792 0.6507 -0.7297 0.2103
64.7066 31.8453 -3.9209 0.0165 0.7347 0.6197 -0.6613 -0.4228
64.5482 33.2575 -3.6361 0.0067 0.7596 0.9944 0.1027 0.0259
63.7009 31.026 -2.4211 0.0345 0.7527 -0.0645 -0.9896 -0.1284
64.7066 31.8453 -3.9209 0.0165 0.7347 0.6197 -0.6613 -0.4228
64.6794 31.4024 -1.3163 0.0316 0.792 0.6507 -0.7297 0.2103
63.7009 31.026 -2.4211 0.0345 0.7527 -0.0645 -0.9896 -0.1284
62.9655 32.8743 -4.3567 0.0345 0.7057 -0.4919 -0.5263 -0.6936
64.7066 31.8453 -3.9209 0.0165 0.7347 0.6197 -0.6613 -0.4228
61.8529 31.7998 -2.1743 0.0453 0.7427 -0.7191 -0.6949 -0.0078
62.9655 32.8743 -4.3567 0.0345 0.7057 -0.4919 -0.5263 -0.6936
63.7009 31.026 -2.4211 0.0345 0.7527 -0.0645 -0.9896 -0.1284
61.8529 31.7998 -2.1743 0.0453 0.7427 -0.7191 -0.6949 -0.0078
61.0259 34.6271 -3.4753 0.0624 0.6983 -0.6455 -0.3392 -0.6843
62.9655 32.8743 -4.3567 0.0345 0.7057 -0.4919 -0.5263 -0.6936
61.5225 34.1106 -0.0135 0.0762 0.7459 -0.2834 -0.68 0.6762
61.0259 34.6271 -3.4753 0.0624 0.6983 -0.6455 -0.3392 -0.6843
61.8529 31.7998 -2.1743 0.0453 0.7427 -0.7191 -0.6949 -0.0078
61.5225 34.1106 -0.0135 0.0762 0.7459 -0.2834 -0.68 0.6762
59.3842 35.9502 -3.0561 0.0761 0.689 -0.5937 -0.4716 -0.652
61.0259 34.6271 -3.4753 0.0624 0.6983 -0.6455 -0.3392 -0.6843
59.8785 35.0296 0.3592 0.0898 0.7328 -0.4363 -0.728 0.5287
59.3842 35.9502 -3.0561 0.0761 0.689 -0.5937 -0.4716 -0.652
61.5225 34.1106 -0.0135 0.0762 0.7459 -0.2834 -0.68 0.6762
59.8785 35.0296 0.3592 0.0898 0.7328 -0.4363 -0.728 0.5287
57.6329 37.9297 -2.7876 0.0895 0.6777 -0.3741 -0.5184 -0.769
59.3842 35.9502 -3.0561 0.0761 0.689 -0.5937 -0.4716 -0.652
58.6631 36.5161 0.8494 0.1035 0.7345 -0.4734 -0.8795 -0.0495
57.6329 37.9297 -2.7876 0.0895 0.6777 -0.3741 -0.5184 -0.769
59.8785 35.0296 0.3592 0.0898 0.7328 -0.4363 -0.728 0.5287
58.6631 36.5161 0.8494 0.1035 0.7345 -0.4734 -0.8795 -0.0495
56.7996 37.2025 0.9744 0.1141 0.7083 -0.3844 -0.9103 -0.1535
57.6329 37.9297 -2.7876 0.0895 0.6777 -0.3741 -0.5184 -0.769
55.1396 37.2589 6.8485 0.1664 0.7349 -0.4127 -0.9043 -0.1095
56.7996 37.2025 0.9744 0.1141 0.7083 -0.3844 -0.9103 -0.1535
58.6631 36.5161 0.8494 0.1035 0.7345 -0.4734 -0.8795 -0.0495
55.1396 37.2589 6.8485 0.1664 0.7349 -0.4127 -0.9043 -0.1095
55.2882 38.4475 -2.2615 0.0978 0.6586 -0.2542 -0.7792 -0.573
56.7996 37.2025 0.9744 0.1141 0.7083 -0.3844 -0.9103 -0.1535
51.6948 39.1954 4.9466 0.1656 0.661 -0.3536 -0.9313 -0.0873
55.2882 38.4475 -2.2615 0.0978 0.6586 -0.2542 -0.7792 -0.573
55.1396 37.2589 6.8485 0.1664 0.7349 -0.4127 -0.9043 -0.1095
49.0256 39.4867 1.3328 0.1441 0.593 -0.4141 -0.906 0.0872
55.2882 38.4475 -2.2615 0.0978 0.6586 -0.2542 -0.7792 -0.573
51.6948 39.1954 4.9466 0.1656 0.661 -0.3536 -0.9313 -0.0873
49.0256 39.4867 1.3328 0.1441 0.593 -0.4141 -0.906 0.0872
54.6072 38.8984 -2.5419 0.0965 0.6484 0.0201 -0.8272 -0.5615
55.2882 38.4475 -2.2615 0.0978 0.6586 -0.2542 -0.7792 -0.573
48.983 38.9531 -1.3854 0.1248 0.5722 -0.5919 -0.7969 0.1209
54.6072 38.8984 -2.5419 0.0965 0.6484 0.0201 -0.8272 -0.5615
49.0256 39.4867 1.3328 0.1441 0.593 -0.4141 -0.906 0.0872
48.983 38.9531 -1.3854 0.1248 0.5722 -0.5919 -0.7969 0.1209
54.3367 39.1291 -3.3008 0.0922 0.642 0.6119 -0.7896 -0.046
54.6072 38.8984 -2.5419 0.0965 0.6484 0.0201 -0.8272 -0.5615
50.5254 37.5643 -4.3583 0.0933 0.5689 -0.4008 -0.8675 0.2948
54.3367 39.1291 -3.3008 0.0922 0.642 0.6119 -0.7896 -0.046
48.983 38.9531 -1.3854 0.1248 0.5722 -0.5919 -0.7969 0.1209
50.5254 37.5643 -4.3583 0.0933 0.5689 -0.4008 -0.8675 0.2948
54.585 38.3547 -4.7073 0.0822 0.6275 0.7862 -0.4912 0.3749
54.3367 39.1291 -3.3008 0.0922 0.642 0.6119 -0.7896 -0.046
54.6281 37.1603 -6.5688 0.0667 0.6166 0.7494 -0.4337 0.5004
54.585 38.3547 -4.7073 0.0822 0.6275 0.7862 -0.4912 0.3749
50.5254 37.5643 -4.3583 0.0933 0.5689 -0.4008 -0.8675 0.2948
54.6281 37.1603 -6.5688 0.0667 0.6166 0.7494 -0.4337 0.5004
54.7808 38.2741 -7.3842 0.0645 0.6366 0.9852 -0.0099 0.171
54.585 38.3547 -4.7073 0.0822 0.6275 0.7862 -0.4912 0.3749
54.6281 37.1603 -6.5688 0.0667 0.6166 0.7494 -0.4337 0.5004
55.3544 35.5101 -9.1264 0.0437 0.6193 0.7533 -0.6198 0.2199
54.7808 38.2741 -7.3842 0.0645 0.6366 0.9852 -0.0099 0.171
53.1032 34.0512 -7.8371 0.0524 0.5774 0.1376 -0.8136 0.5649
55.3544 35.5101 -9.1264 0.0437 0.6193 0.7533 -0.6198 0.2199
54.6281 37.1603 -6.5688 0.0667 0.6166 0.7494 -0.4337 0.5004
53.1032 34.0512 -7.8371 0.0524 0.5774 0.1376 -0.8136 0.5649
53.1732 33.6606 -9.4705 0.0401 0.5704 0.1689 -0.9729 -0.1579
55.3544 35.5101 -9.1264 0.0437 0.6193 0.7533 -0.6198 0.2199
50.494 34.6619 -9.1311 0.0516 0.5321 -0.83 -0.5569 -0.0308
53.1732 33.6606 -9.4705 0.0401 0.5704 0.1689 -0.9729 -0.1579
53.1032 34.0512 -7.8371 0.0524 0.5774 0.1376 -0.8136 0.5649
50.494 34.6619 -9.1311 0.0516 0.5321 -0.83 -0.5569 -0.0308
51.3015 34.786 -10.9453 0.0353 0.5262 -0.4747 -0.2808 -0.8342
53.1732 33.6606 -9.4705 0.0401 0.5704 0.1689 -0.9729 -0.1579
51.1697 36.0922 -10.1506 0.051 0.5041 -0.9184 0.3557 -0.1731
51.3015 34.786 -10.9453 0.0353 0.5262 -0.4747 -0.2808 -0.8342
50.494 34.6619 -9.1311 0.0516 0.5321 -0.83 -0.5569 -0.0308
62.0272 32.5878 13.6361 0.1668 0.0483 -0.664 0.3017 -0.6842
60.2609 30.6081 13.4544 0.1824 0.0498 -0.0573 0.0055 0.9983
62.4782 30.4405 13.605 0.1722 0.0246 -0.0699 -0.0291 0.9971
62.7643 32.9828 13.4112 0.1629 0.0571 0.72 -0.2392 0.6515
60.2609 30.6081 13.4544 0.1824 0.0498 -0.0573 0.0055 0.9983
62.0272 32.5878 13.6361 0.1668 0.0483 -0.664 0.3017 -0.6842
62.7643 32.9828 13.4112 0.1629 0.0571 0.72 -0.2392 0.6515
61.4945 35.1024 13.5277 0.1707 0.0961 0.4849 0.1639 0.8591
60.2609 30.6081 13.4544 0.1824 0.0498 -0.0573 0.0055 0.9983
63.1927 33.0081 11.7626 0.1515 0.0597 0.9711 -0.2193 -0.0946
61.4945 35.1024 13.5277 0.1707 0.0961 0.4849 0.1639 0.8591
62.7643 32.9828 13.4112 0.1629 0.0571 0.72 -0.2392 0.6515
63.1927 33.0081 11.7626 0.1515 0.0597 0.9711 -0.2193 -0.0946
62.336 35.1606 11.3347 0.152 0.1015 0.9371 0.1932 -0.2908
61.4945 35.1024 13.5277 0.1707 0.0961 0.4849 0.1639 0.8591
61.8865 31.3533 9.9582 0.1313 0.0627 0.6735 0.2053 -0.7101
62.336 35.1606 11.3347 0.152 0.1015 0.9371 0.1932 -0.2908
63.1927 33.0081 11.7626 0.1515 0.0597 0.9711 -0.2193 -0.0946
60.7307 34.1279 10.0097 0.1355 0.1037 0.5621 0.1659 -0.8103
62.336 35.1606 11.3347 0.152 0.1015 0.9371 0.1932 -0.2908
61.8865 31.3533 9.9582 0.1313 0.0627 0.6735 0.2053 -0.7101
60.3332 34.965 9.8064 0.1391 0.1257 0.5656 0.056 -0.8228
62.336 35.1606 11.3347 0.152 0.1015 0.9371 0.1932 -0.2908
60.7307 34.1279 10.0097 0.1355 0.1037 0.5621 0.1659 -0.8103
60.3332 34.965 9.8064 0.1391 0.1257 0.5656 0.056 -0.8228
61.7843 35.9174 10.8045 0.1504 0.1185 0.6299 0.0584 -0.7745
62.336 35.1606 11.3347 0.152 0.1015 0.9371 0.1932 -0.2908
59.3688 35.8489 9.2683 0.1428 0.1459 0.5634 0.0904 -0.8212
61.7843 35.9174 10.8045 0.1504 0.1185 0.6299 0.0584 -0.7745
60.3332 34.965 9.8064 0.1391 0.1257 0.5656 0.056 -0.8228
59.3688 35.8489 9.2683 0.1428 0.1459 0.5634 0.0904 -0.8212
61.4228 37.8678 10.9449 0.1535 0.137 0.8801 0.4137 -0.2331
61.7843 35.9174 10.8045 0.1504 0.1185 0.6299 0.0584 -0.7745
58.5853 36.3784 8.751 0.142 0.1481 0.9946 0.0754 -0.0716
61.4228 37.8678 10.9449 0.1535 0.137 0.8801 0.4137 -0.2331
59.3688 35.8489 9.2683 0.1428 0.1459 0.5634 0.0904 -0.8212
58.5853 36.3784 8.751 0.142 0.1481 0.9946 0.0754 -0.0716
60.0789 38.6326 9.3302 0.1455 0.1626 0.9404 0.1434 0.3083
61.4228 37.8678 10.9449 0.1535 0.137 0.8801 0.4137 -0.2331
62.458 37.7482 9.1399 0.1301 0.1538 0.4609 0.4211 0.7812
60.0789 38.6326 9.3302 0.1455 0.1626 0.9404 0.1434 0.3083
58.5853 36.3784 8.751 0.142 0.1481 0.9946 0.0754 -0.0716
62.458 37.7482 9.1399 0.1301 0.1538 0.4609 0.4211 0.7812
62.4765 39.4408 7.7572 0.1296 0.1895 0.8308 0.4894 0.2651
60.0789 38.6326 9.3302 0.1455 0.1626 0.9404 0.1434 0.3083
63.0433 37.8288 6.5553 0.114 0.1742 0.8165 0.373 -0.4408
62.4765 39.4408 7.7572 0.1296 0.1895 0.8308 0.4894 0.2651
62.458 37.7482 9.1399 0.1301 0.1538 0.4609 0.4211 0.7812
63.0433 37.8288 6.5553 0.114 0.1742 0.8165 0.373 -0.4408
61.6936 38.7248 5.2301 0.1132 0.2035 0.9536 -0.2832 0.1018
62.4765 39.4408 7.7572 0.1296 0.1895 0.8308 0.4894 0.2651
60.2031 36.7795 5.1184 0.1089 0.1926 0.9512 0.0403 -0.3058
61.6936 38.7248 5.2301 0.1132 0.2035 0.9536 -0.2832 0.1018
63.0433 37.8288 6.5553 0.114 0.1742 0.8165 0.373 -0.4408
60.2031 36.7795 5.1184 0.1089 0.1926 0.9512 0.0403 -0.3058
63.8065 38.1733 4.5427 0.095 0.2057 0.6207 0.3747 0.6887
61.6936 38.7248 5.2301 0.1132 0.2035 0.9536 -0.2832 0.1018
61.4218 36.6265 5.1467 0.1071 0.192 0.0831 0.2487 0.965
63.8065 38.1733 4.5427 0.095 0.2057 0.6207 0.3747 0.6887
60.2031 36.7795 5.1184 0.1089 0.1926 0.9512 0.0403 -0.3058
62.5104 35.377 5.0578 0.0967 0.1764 0.2201 0.0774 0.9724
63.8065 38.1733 4.5427 0.095 0.2057 0.6207 0.3747 0.6887
61.4218 36.6265 5.1467 0.1071 0.192 0.0831 0.2487 0.965
62.5104 35.377 5.0578 0.0967 0.1764 0.2201 0.0774 0.9724
64.5522 37.1346 4.5034 0.0852 0.197 0.699 0.3335 0.6327
63.8065 38.1733 4.5427 0.095 0.2057 0.6207 0.3747 0.6887
64.9844 36.0292 4.3663 0.0794 0.1853 0.7841 0.1703 0.5969
64.5522 37.1346 4.5034 0.0852 0.197 0.699 0.3335 0.6327
62.5104 35.377 5.0578 0.0967 0.1764 0.2201 0.0774 0.9724
64.9844 36.0292 4.3663 0.0794 0.1853 0.7841 0.1703 0.5969
65.0044 36.3273 1.7961 0.0682 0.2134 0.7929 0.3008 -0.53
64.5522 37.1346 4.5034 0.0852 0.197 0.699 0.3335 0.6327
65.9478 31.6167 3.4199 0.0525 0.1561 0.8894 -0.2872 0.3557
65.0044 36.3273 1.7961 0.0682 0.2134 0.7929 0.3008 -0.53
64.9844 36.0292 4.3663 0.0794 0.1853 0.7841 0.1703 0.5969
65.9478 31.6167 3.4199 0.0525 0.1561 0.8894 -0.2872 0.3557
65.9621 31.813 1.7276 0.0459 0.1761 0.8958 -0.1999 -0.397
65.0044 36.3273 1.7961 0.0682 0.2134 0.7929 0.3008 -0.53
65.3738 31.0664 3.7628 0.052 0.1431 0.5677 -0.0815 0.8192
65.9621 31.813 1.7276 0.0459 0.1761 0.8958 -0.1999 -0.397
65.9478 31.6167 3.4199 0.0525 0.1561 0.8894 -0.2872 0.3557
65.3947 31.3563 1.2585 0.0398 0.1803 0.5813 0.1068 -0.8066
65.9621 31.813 1.7276 0.0459 0.1761 0.8958 -0.1999 -0.397
65.3738 31.0664 3.7628 0.052 0.1431 0.5677 -0.0815 0.8192
65.3947 31.3563 1.2585 0.0398 0.1803 0.5813 0.1068 -0.8066
63.8454 31.0377 0.3075 0.0337 0.2094 0.4794 0.201 -0.8543
65.9621 31.813 1.7276 0.0459 0.1761 0.8958 -0.1999 -0.397
65.9228 29.7961 0.9857 0.0263 0.1809 0.4534 0.3002 -0.8392
63.8454 31.0377 0.3075 0.0337 0.2094 0.4794 0.201 -0.8543
65.3947 31.3563 1.2585 0.0398 0.1803 0.5813 0.1068 -0.8066
63.8454 31.0377 0.3075 0.0337 0.2094 0.4794 0.201 -0.8543
65.0044 36.3273 1.7961 0.0682 0.2134 0.7929 0.3008 -0.53
65.9621 31.813 1.7276 0.0459 0.1761 0.8958 -0.1999 -0.397
63.5173 34.6668 0.8144 0.0578 0.2372 0.3561 0.2183 -0.9086
65.0044 36.3273 1.7961 0.0682 0.2134 0.7929 0.3008 -0.53
63.8454 31.0377 0.3075 0.0337 0.2094 0.4794 0.201 -0.8543
62.5425 35.8547 0.9358 0.0657 0.2488 0.234 0.2926 -0.9272
65.0044 36.3273 1.7961 0.0682 0.2134 0.7929 0.3008 -0.53
63.5173 34.6668 0.8144 0.0578 0.2372 0.3561 0.2183 -0.9086
62.5425 35.8547 0.9358 0.0657 0.2488 0.234 0.2926 -0.9272
64.5724 37.4351 1.9089 0.0758 0.2198 0.7124 0.4673 -0.5235
65.0044 36.3273 1.7961 0.0682 0.2134 0.7929 0.3008 -0.53
63.8524 38.3753 2.0423 0.0829 0.2333 0.6387 0.5006 -0.5844
64.5724 37.4351 1.9089 0.0758 0.2198 0.7124 0.4673 -0.5235
62.5425 35.8547 0.9358 0.0657 0.2488 0.234 0.2926 -0.9272
63.8524 38.3753 2.0423 0.0829 0.2333 0.6387 0.5006 -0.5844
64.5522 37.1346 4.5034 0.0852 0.197 0.699 0.3335 0.6327
64.5724 37.4351 1.9089 0.0758 0.2198 0.7124 0.4673 -0.5235
63.8065 38.1733 4.5427 0.095 0.2057 0.6207 0.3747 0.6887
64.5522 37.1346 4.5034 0.0852 0.197 0.699 0.3335 0.6327
63.8524 38.3753 2.0423 0.0829 0.2333 0.6387 0.5006 -0.5844
63.485 34.1911 4.9191 0.0896 0.1604 0.3414 0.0042 0.9399
64.9844 36.0292 4.3663 0.0794 0.1853 0.7841 0.1703 0.5969
62.5104 35.377 5.0578 0.0967 0.1764 0.2201 0.0774 0.9724
63.8095 30.5416 4.59 0.0629 0.1211 0.4649 -0.0006 0.8853
64.9844 36.0292 4.3663 0.0794 0.1853 0.7841 0.1703 0.5969
63.485 34.1911 4.9191 0.0896 0.1604 0.3414 0.0042 0.9399
63.8095 30.5416 4.59 0.0629 0.1211 0.4649 -0.0006 0.8853
65.9478 31.6167 3.4199 0.0525 0.1561 0.8894 -0.2872 0.3557
64.9844 36.0292 4.3663 0.0794 0.1853 0.7841 0.1703 0.5969
63.8095 30.5416 4.59 0.0629 0.1211 0.4649 -0.0006 0.8853
65.3738 31.0664 3.7628 0.052 0.1431 0.5677 -0.0815 0.8192
65.9478 31.6167 3.4199 0.0525 0.1561 0.8894 -0.2872 0.3557
65.9002 29.4839 3.679 0.0465 0.1199 0.4391 0.0988 0.893
65.3738 31.0664 3.7628 0.052 0.1431 0.5677 -0.0815 0.8192
63.8095 30.5416 4.59 0.0629 0.1211 0.4649 -0.0006 0.8853
59.6855 40.3248 11.9969 0.1665 0.163 0.5823 0.5714 0.5783
61.4228 37.8678 10.9449 0.1535 0.137 0.8801 0.4137 -0.2331
60.0789 38.6326 9.3302 0.1455 0.1626 0.9404 0.1434 0.3083
60.2039 37.9893 12.8241 0.1749 0.1326 0.4117 0.3719 0.832
61.4228 37.8678 10.9449 0.1535 0.137 0.8801 0.4137 -0.2331
59.6855 40.3248 11.9969 0.1665 0.163 0.5823 0.5714 0.5783
60.2039 37.9893 12.8241 0.1749 0.1326 0.4117 0.3719 0.832
61.4442 36.1684 13.3246 0.1708 0.1122 0.6047 0.3325 0.7238
61.4228 37.8678 10.9449 0.1535 0.137 0.8801 0.4137 -0.2331
60.5749 35.8459 13.5301 0.1758 0.1107 -0.0045 0.1669 0.986
61.4442 36.1684 13.3246 0.1708 0.1122 0.6047 0.3325 0.7238
60.2039 37.9893 12.8241 0.1749 0.1326 0.4117 0.3719 0.832
60.5749 35.8459 13.5301 0.1758 0.1107 -0.0045 0.1669 0.986
61.4945 35.1024 13.5277 0.1707 0.0961 0.4849 0.1639 0.8591
61.4442 36.1684 13.3246 0.1708 0.1122 0.6047 0.3325 0.7238
58.7555 34.8172 13.4254 0.1897 0.1087 -0.097 0.0863 0.9915
61.4945 35.1024 13.5277 0.1707 0.0961 0.4849 0.1639 0.8591
60.5749 35.8459 13.5301 0.1758 0.1107 -0.0045 0.1669 0.986
59.3086 33.6293 13.4557 0.1878 0.0878 -0.0318 -0.0017 0.9995
61.4945 35.1024 13.5277 0.1707 0.0961 0.4849 0.1639 0.8591
58.7555 34.8172 13.4254 0.1897 0.1087 -0.097 0.0863 0.9915
59.3086 33.6293 13.4557 0.1878 0.0878 -0.0318 -0.0017 0.9995
60.2609 30.6081 13.4544 0.1824 0.0498 -0.0573 0.0055 0.9983
61.4945 35.1024 13.5277 0.1707 0.0961 0.4849 0.1639 0.8591
63.0433 37.8288 6.5553 0.114 0.1742 0.8165 0.373 -0.4408
60.8288 36.4201 5.2538 0.1087 0.1903 0.3593 0.2625 -0.8955
60.2031 36.7795 5.1184 0.1089 0.1926 0.9512 0.0403 -0.3058
63.0433 37.8288 6.5553 0.114 0.1742 0.8165 0.373 -0.4408
61.9879 35.248 5.4157 0.0974 0.1751 0.4369 0.2348 -0.8683
60.8288 36.4201 5.2538 0.1087 0.1903 0.3593 0.2625 -0.8955
63.7471 36.96 6.781 0.1107 0.1557 0.8292 0.4451 -0.338
61.9879 35.248 5.4157 0.0974 0.1751 0.4369 0.2348 -0.8683
63.0433 37.8288 6.5553 0.114 0.1742 0.8165 0.373 -0.4408
63.7471 36.96 6.781 0.1107 0.1557 0.8292 0.4451 -0.338
64.1938 35.8494 6.8187 0.1051 0.144 0.8732 0.3193 -0.3682
61.9879 35.248 5.4157 0.0974 0.1751 0.4369 0.2348 -0.8683
63.7471 36.96 6.781 0.1107 0.1557 0.8292 0.4451 -0.338
63.1203 36.7655 9.3677 0.1235 0.14 0.5222 0.3793 0.7639
64.1938 35.8494 6.8187 0.1051 0.144 0.8732 0.3193 -0.3682
63.0433 37.8288 6.5553 0.114 0.1742 0.8165 0.373 -0.4408
63.1203 36.7655 9.3677 0.1235 0.14 0.5222 0.3793 0.7639
63.7471 36.96 6.781 0.1107 0.1557 0.8292 0.4451 -0.338
63.0433 37.8288 6.5553 0.114 0.1742 0.8165 0.373 -0.4408
62.458 37.7482 9.1399 0.1301 0.1538 0.4609 0.4211 0.7812
63.1203 36.7655 9.3677 0.1235 0.14 0.5222 0.3793 0.7639
64.1938 35.8494 6.8187 0.1051 0.144 0.8732 0.3193 -0.3682
62.9185 34.1259 5.5709 0.0905 0.1594 0.5579 0.1747 -0.8114
61.9879 35.248 5.4157 0.0974 0.1751 0.4369 0.2348 -0.8683
64.1938 35.8494 6.8187 0.1051 0.144 0.8732 0.3193 -0.3682
63.3584 30.9794 5.4546 0.0747 0.1111 0.584 0.1761 -0.7924
62.9185 34.1259 5.5709 0.0905 0.1594 0.5579 0.1747 -0.8114
65.3675 31.9407 7.1222 0.0925 0.0914 0.9414 -0.1723 -0.2899
63.3584 30.9794 5.4546 0.0747 0.1111 0.584 0.1761 -0.7924
64.1938 35.8494 6.8187 0.1051 0.144 0.8732 0.3193 -0.3682
59.9052 36.1644 9.3355 0.1406 0.1473 -0.1768 0.3962 0.901
62.458 37.7482 9.1399 0.1301 0.1538 0.4609 0.4211 0.7812
58.5853 36.3784 8.751 0.142 0.1481 0.9946 0.0754 -0.0716
60.9924 34.9391 9.5252 0.138 0.1266 -0.012 0.1248 0.9921
62.458 37.7482 9.1399 0.1301 0.1538 0.4609 0.4211 0.7812
59.9052 36.1644 9.3355 0.1406 0.1473 -0.1768 0.3962 0.901
60.9924 34.9391 9.5252 0.138 0.1266 -0.012 0.1248 0.9921
63.1203 36.7655 9.3677 0.1235 0.14 0.5222 0.3793 0.7639
62.458 37.7482 9.1399 0.1301 0.1538 0.4609 0.4211 0.7812
63.5734 35.657 9.3811 0.1207 0.1248 0.5978 0.2389 0.7652
63.1203 36.7655 9.3677 0.1235 0.14 0.5222 0.3793 0.7639
60.9924 34.9391 9.5252 0.138 0.1266 -0.012 0.1248 0.9921
63.5734 35.657 9.3811 0.1207 0.1248 0.5978 0.2389 0.7652
64.1938 35.8494 6.8187 0.1051 0.144 0.8732 0.3193 -0.3682
63.1203 36.7655 9.3677 0.1235 0.14 0.5222 0.3793 0.7639
65.2 31.8848 8.8537 0.1025 0.0789 0.8389 -0.191 0.5096
64.1938 35.8494 6.8187 0.1051 0.144 0.8732 0.3193 -0.3682
63.5734 35.657 9.3811 0.1207 0.1248 0.5978 0.2389 0.7652
65.2 31.8848 8.8537 0.1025 0.0789 0.8389 -0.191 0.5096
65.3675 31.9407 7.1222 0.0925 0.0914 0.9414 -0.1723 -0.2899
64.1938 35.8494 6.8187 0.1051 0.144 0.8732 0.3193 -0.3682
64.6011 31.3313 9.1978 0.1046 0.0676 0.2651 0.173 0.9486
65.3675 31.9407 7.1222 0.0925 0.0914 0.9414 -0.1723 -0.2899
65.2 31.8848 8.8537 0.1025 0.0789 0.8389 -0.191 0.5096
64.8497 31.4137 6.6352 0.086 0.0907 0.6877 0.024 -0.7256
65.3675 31.9407 7.1222 0.0925 0.0914 0.9414 -0.1723 -0.2899
64.6011 31.3313 9.1978 0.1046 0.0676 0.2651 0.173 0.9486
64.8497 31.4137 6.6352 0.086 0.0907 0.6877 0.024 -0.7256
63.3584 30.9794 5.4546 0.0747 0.1111 0.584 0.1761 -0.7924
65.3675 31.9407 7.1222 0.0925 0.0914 0.9414 -0.1723 -0.2899
65.465 29.7966 6.4807 0.0746 0.0794 0.5435 0.2824 -0.7905
63.3584 30.9794 5.4546 0.0747 0.1111 0.584 0.1761 -0.7924
64.8497 31.4137 6.6352 0.086 0.0907 0.6877 0.024 -0.7256
61.9287 33.8186 9.6567 0.1342 0.105 0.0979 0.0613 0.9933
63.5734 35.657 9.3811 0.1207 0.1248 0.5978 0.2389 0.7652
60.9924 34.9391 9.5252 0.138 0.1266 0.0187 0.1318 0.9911
62.9541 30.8377 9.5374 0.1198 0.0571 0.2139 0.0617 0.9749
63.5734 35.657 9.3811 0.1207 0.1248 0.5978 0.2389 0.7652
61.9287 33.8186 9.6567 0.1342 0.105 0.0979 0.0613 0.9933
62.9541 30.8377 9.5374 0.1198 0.0571 0.2139 0.0617 0.9749
65.2 31.8848 8.8537 0.1025 0.0789 0.8389 -0.191 0.5096
63.5734 35.657 9.3811 0.1207 0.1248 0.5978 0.2389 0.7652
62.9541 30.8377 9.5374 0.1198 0.0571 0.2139 0.0617 0.9749
64.6011 31.3313 9.1978 0.1046 0.0676 0.2651 0.173 0.9486
65.2 31.8848 8.8537 0.1025 0.0789 0.8389 -0.191 0.5096
65.1982 29.7079 9.2366 0.1052 0.0422 0.1758 0.0881 0.9805
64.6011 31.3313 9.1978 0.1046 0.0676 0.2651 0.173 0.9486
62.9541 30.8377 9.5374 0.1198 0.0571 0.2139 0.0617 0.9749
61.4531 37.0939 1.1186 0.0783 0.2548 0.161 0.3608 -0.9187
63.8524 38.3753 2.0423 0.0829 0.2333 0.6387 0.5006 -0.5844
62.5425 35.8547 0.9358 0.0657 0.2488 0.234 0.2926 -0.9272
59.5325 37.3912 0.946 0.079 0.2579 0.7471 -0.1242 0.653
63.8524 38.3753 2.0423 0.0829 0.2333 0.6387 0.5006 -0.5844
61.4531 37.0939 1.1186 0.0783 0.2548 0.161 0.3608 -0.9187
63.8065 38.1733 4.5427 0.095 0.2057 0.6207 0.3747 0.6887
63.5422 39.7997 3.4905 0.103 0.2374 0.8285 0.5565 0.0621
61.6936 38.7248 5.2301 0.1132 0.2035 0.3846 0.5446 0.7453
63.8524 38.3753 2.0423 0.0829 0.2333 0.6387 0.5006 -0.5844
63.5422 39.7997 3.4905 0.103 0.2374 0.8285 0.5565 0.0621
63.8065 38.1733 4.5427 0.095 0.2057 0.6207 0.3747 0.6887
63.8524 38.3753 2.0423 0.0829 0.2333 0.6387 0.5006 -0.5844
61.6736 39.4786 1.5015 0.0894 0.2699 0.764 -0.0779 -0.6405
63.5422 39.7997 3.4905 0.103 0.2374 0.8285 0.5565 0.0621
59.5325 37.3912 0.946 0.079 0.2579 0.7471 -0.1242 0.653
61.6736 39.4786 1.5015 0.0894 0.2699 0.764 -0.0779 -0.6405
63.8524 38.3753 2.0423 0.0829 0.2333 0.6387 0.5006 -0.5844
59.5325 37.3912 0.946 0.079 0.2579 0.7471 -0.1242 0.653
63.1525 38.1096 0.4801 0.0703 0.282 0.53 0.091 0.8431
61.6736 39.4786 1.5015 0.0894 0.2699 0.764 -0.0779 -0.6405
60.8974 36.6965 0.8575 0.0776 0.2587 0.1601 0.0081 0.9871
63.1525 38.1096 0.4801 0.0703 0.282 0.53 0.091 0.8431
59.5325 37.3912 0.946 0.079 0.2579 0.7471 -0.1242 0.653
61.9692 35.5728 0.4544 0.0653 0.2519 0.2733 -0.1291 0.9532
63.1525 38.1096 0.4801 0.0703 0.282 0.53 0.091 0.8431
60.8974 36.6965 0.8575 0.0776 0.2587 0.1601 0.0081 0.9871
61.9692 35.5728 0.4544 0.0653 0.2519 0.2733 -0.1291 0.9532
63.8473 37.374 0.0912 0.0594 0.283 0.7772 0.3073 0.5492
63.1525 38.1096 0.4801 0.0703 0.282 0.53 0.091 0.8431
64.2995 36.314 -0.1444 0.0513 0.276 0.8138 0.1397 0.5641
63.8473 37.374 0.0912 0.0594 0.283 0.7772 0.3073 0.5492
61.9692 35.5728 0.4544 0.0653 0.2519 0.2733 -0.1291 0.9532
64.2995 36.314 -0.1444 0.0513 0.276 0.8138 0.1397 0.5641
63.936 36.6923 -2.6781 0.0467 0.313 0.7224 0.3963 -0.5666
63.8473 37.374 0.0912 0.0594 0.283 0.7772 0.3073 0.5492
65.08 33.4383 -1.4611 0.0296 0.2737 0.9266 -0.2539 0.2773
63.936 36.6923 -2.6781 0.0467 0.313 0.7224 0.3963 -0.5666
64.2995 36.314 -0.1444 0.0513 0.276 0.8138 0.1397 0.5641
65.08 33.4383 -1.4611 0.0296 0.2737 0.9266 -0.2539 0.2773
65.0875 33.7205 -3.1414 0.0272 0.2966 0.8929 -0.058 -0.4465
63.936 36.6923 -2.6781 0.0467 0.313 0.7224 0.3963 -0.5666
64.5369 32.8402 -1.1496 0.0266 0.2618 0.6374 -0.1949 0.7455
65.0875 33.7205 -3.1414 0.0272 0.2966 0.8929 -0.058 -0.4465
65.08 33.4383 -1.4611 0.0296 0.2737 0.9266 -0.2539 0.2773
64.5482 33.2575 -3.6361 0.0223 0.3042 0.4482 0.2759 -0.8503
65.0875 33.7205 -3.1414 0.0272 0.2966 0.8929 -0.058 -0.4465
64.5369 32.8402 -1.1496 0.0266 0.2618 0.6374 -0.1949 0.7455
64.5482 33.2575 -3.6361 0.0223 0.3042 0.4482 0.2759 -0.8503
62.9655 32.8743 -4.3567 0.0224 0.3355 0.3479 0.2939 -0.8903
65.0875 33.7205 -3.1414 0.0272 0.2966 0.8929 -0.058 -0.4465
64.7066 31.8453 -3.9209 0.01 0.3141 0.3587 0.2231 -0.9064
62.9655 32.8743 -4.3567 0.0224 0.3355 0.3479 0.2939 -0.8903
64.5482 33.2575 -3.6361 0.0223 0.3042 0.4482 0.2759 -0.8503
62.9655 32.8743 -4.3567 0.0224 0.3355 0.3479 0.2939 -0.8903
63.936 36.6923 -2.6781 0.0467 0.313 0.7224 0.3963 -0.5666
65.0875 33.7205 -3.1414 0.0272 0.2966 0.8929 -0.058 -0.4465
62.3807 35.0673 -3.7677 0.0414 0.3458 0.2798 0.3353 -0.8996
63.936 36.6923 -2.6781 0.0467 0.313 0.7224 0.3963 -0.5666
62.9655 32.8743 -4.3567 0.0224 0.3355 0.3479 0.2939 -0.8903
61.3868 36.1791 -3.6092 0.0527 0.3512 0.197 0.423 -0.8844
63.936 36.6923 -2.6781 0.0467 0.313 0.7224 0.3963 -0.5666
62.3807 35.0673 -3.7677 0.0414 0.3458 0.2798 0.3353 -0.8996
61.3868 36.1791 -3.6092 0.0527 0.3512 0.197 0.423 -0.8844
63.4803 37.7556 -2.4666 0.0555 0.3138 0.5989 0.5712 -0.5613
63.936 36.6923 -2.6781 0.0467 0.313 0.7224 0.3963 -0.5666
62.7953 38.5948 -1.986 0.0659 0.3216 0.495 0.5722 -0.6539
63.4803 37.7556 -2.4666 0.0555 0.3138 0.5989 0.5712 -0.5613
61.3868 36.1791 -3.6092 0.0527 0.3512 0.197 0.423 -0.8844
62.7953 38.5948 -1.986 0.0659 0.3216 0.495 0.5722 -0.6539
63.8473 37.374 0.0912 0.0594 0.283 0.7772 0.3073 0.5492
63.4803 37.7556 -2.4666 0.0555 0.3138 0.5989 0.5712 -0.5613
63.1525 38.1096 0.4801 0.0703 0.282 0.53 0.091 0.8431
63.8473 37.374 0.0912 0.0594 0.283 0.7772 0.3073 0.5492
62.7953 38.5948 -1.986 0.0659 0.3216 0.495 0.5722 -0.6539
62.9222 34.504 0.0085 0.0548 0.2415 0.2469 -0.1065 0.9632
64.2995 36.314 -0.1444 0.0513 0.276 0.8138 0.1397 0.5641
61.9692 35.5728 0.4544 0.0653 0.2519 0.2733 -0.1291 0.9532
62.9457 32.1783 -0.2074 0.032 0.234 0.504 -0.1191 0.8554
64.2995 36.314 -0.1444 0.0513 0.276 0.8138 0.1397 0.5641
62.9222 34.504 0.0085 0.0548 0.2415 0.2469 -0.1065 0.9632
62.9457 32.1783 -0.2074 0.032 0.234 0.504 -0.1191 0.8554
65.08 33.4383 -1.4611 0.0296 0.2737 0.9266 -0.2539 0.2773
64.2995 36.314 -0.1444 0.0513 0.276 0.8138 0.1397 0.5641
62.9457 32.1783 -0.2074 0.032 0.234 0.504 -0.1191 0.8554
64.5369 32.8402 -1.1496 0.0266 0.2618 0.6374 -0.1949 0.7455
65.08 33.4383 -1.4611 0.0296 0.2737 0.9266 -0.2539 0.2773
64.6794 31.4024 -1.3163 0.0167 0.2459 0.5233 -0.0468 0.8509
64.5369 32.8402 -1.1496 0.0266 0.2618 0.6374 -0.1949 0.7455
62.9457 32.1783 -0.2074 0.032 0.234 0.504 -0.1191 0.8554
62.7953 38.5948 -1.986 0.0659 0.3216 0.495 0.5722 -0.6539
60.3205 37.2969 -3.1661 0.0647 0.3563 0.213 0.4031 -0.89
58.1665 39.3518 -3.019 0.0839 0.3636 0.1039 0.1397 -0.9847
61.3868 36.1791 -3.6092 0.0527 0.3512 0.197 0.423 -0.8844
60.3205 37.2969 -3.1661 0.0647 0.3563 0.213 0.4031 -0.89
62.7953 38.5948 -1.986 0.0659 0.3216 0.495 0.5722 -0.6539
62.336 35.1606 11.3347 0.152 0.1015 0.9371 0.1932 -0.2908
61.4442 36.1684 13.3246 0.1708 0.1122 0.6047 0.3325 0.7238
61.4945 35.1024 13.5277 0.1707 0.0961 0.4849 0.1639 0.8591
62.2575 36.2141 11.3395 0.1549 0.1166 0.9563 0.2512 -0.1498
61.4442 36.1684 13.3246 0.1708 0.1122 0.6047 0.3325 0.7238
62.336 35.1606 11.3347 0.152 0.1015 0.9371 0.1932 -0.2908
62.2575 36.2141 11.3395 0.1549 0.1166 0.9563 0.2512 -0.1498
61.4228 37.8678 10.9449 0.1535 0.137 0.8801 0.4137 -0.2331
61.4442 36.1684 13.3246 0.1708 0.1122 0.6047 0.3325 0.7238
62.2575 36.2141 11.3395 0.1549 0.1166 0.9563 0.2512 -0.1498
61.7843 35.9174 10.8045 0.1504 0.1185 0.6299 0.0584 -0.7745
61.4228 37.8678 10.9449 0.1535 0.137 0.8801 0.4137 -0.2331
62.336 35.1606 11.3347 0.152 0.1015 0.9371 0.1932 -0.2908
61.7843 35.9174 10.8045 0.1504 0.1185 0.6299 0.0584 -0.7745
62.2575 36.2141 11.3395 0.1549 0.1166 0.9563 0.2512 -0.1498
63.936 36.6923 -2.6781 0.0467 0.313 0.7224 0.3963 -0.5666
63.4803 37.7556 -2.4666 0.0555 0.3138 0.5989 0.5712 -0.5613
63.8473 37.374 0.0912 0.0594 0.283 0.7772 0.3073 0.5492
63.8095 30.5416 4.59 0.1048 0.8759 -0.6591 -0.5677 0.4932
65.1564 29.0192 2.2541 0.0787 0.8782 -0.0029 -0.9935 -0.1134
65.9002 29.4839 3.679 0.0872 0.9077 0.6669 -0.6693 0.3276
63.8095 30.5416 4.59 0.1048 0.8759 -0.6591 -0.5677 0.4932
62.2161 30.5766 2.2737 0.0883 0.8522 -0.8283 -0.5569 -0.0616
65.1564 29.0192 2.2541 0.0787 0.8782 -0.0029 -0.9935 -0.1134
63.485 34.1911 4.9191 0.1237 0.8356 -0.3304 -0.3677 0.8693
62.2161 30.5766 2.2737 0.0883 0.8522 -0.8283 -0.5569 -0.0616
63.8095 30.5416 4.59 0.1048 0.8759 -0.6591 -0.5677 0.4932
63.485 34.1911 4.9191 0.1237 0.8356 -0.3304 -0.3677 0.8693
62.0339 33.9443 4.5578 0.1195 0.8138 -0.4773 -0.5655 0.6726
62.2161 30.5766 2.2737 0.0883 0.8522 -0.8283 -0.5569 -0.0616
62.5104 35.377 5.0578 0.1321 0.8174 -0.1751 -0.2548 0.951
62.0339 33.9443 4.5578 0.1195 0.8138 -0.4773 -0.5655 0.6726
63.485 34.1911 4.9191 0.1237 0.8356 -0.3304 -0.3677 0.8693
62.5104 35.377 5.0578 0.1321 0.8174 -0.1751 -0.2548 0.951
60.1682 35.1351 4.5824 0.1279 0.7868 -0.425 -0.7293 0.5362
62.0339 33.9443 4.5578 0.1195 0.8138 -0.4773 -0.5655 0.6726
61.4218 36.6265 5.1467 0.135 0.7941 -0.1249 -0.2564 0.9585
60.1682 35.1351 4.5824 0.1279 0.7868 -0.425 -0.7293 0.5362
62.5104 35.377 5.0578 0.1321 0.8174 -0.1751 -0.2548 0.951
61.4218 36.6265 5.1467 0.135 0.7941 -0.1249 -0.2564 0.9585
58.2594 36.3646 4.8676 0.1383 0.7791 -0.446 -0.8785 -0.1715
60.1682 35.1351 4.5824 0.1279 0.7868 -0.425 -0.7293 0.5362
60.2031 36.7795 5.1184 0.1358 0.7925 0.1714 -0.9533 0.2488
58.2594 36.3646 4.8676 0.1383 0.7791 -0.446 -0.8785 -0.1715
61.4218 36.6265 5.1467 0.135 0.7941 -0.1249 -0.2564 0.9585
60.8288 36.4201 5.2538 0.1364 0.7951 0.1351 -0.0428 -0.9899
58.2594 36.3646 4.8676 0.1383 0.7791 -0.446 -0.8785 -0.1715
60.2031 36.7795 5.1184 0.1358 0.7925 0.1714 -0.9533 0.2488
60.8288 36.4201 5.2538 0.1364 0.7951 0.1351 -0.0428 -0.9899
59.7155 34.7571 5.1523 0.1439 0.7958 -0.3216 -0.5682 -0.7575
58.2594 36.3646 4.8676 0.1383 0.7791 -0.446 -0.8785 -0.1715
61.9879 35.248 5.4157 0.1337 0.818 0.1056 -0.0761 -0.9915
59.7155 34.7571 5.1523 0.1439 0.7958 -0.3216 -0.5682 -0.7575
60.8288 36.4201 5.2538 0.1364 0.7951 0.1351 -0.0428 -0.9899
61.9879 35.248 5.4157 0.1337 0.818 0.1056 -0.0761 -0.9915
61.4603 33.7314 5.5217 0.1437 0.8265 -0.3554 -0.3989 -0.8453
59.7155 34.7571 5.1523 0.1439 0.7958 -0.3216 -0.5682 -0.7575
62.9185 34.1259 5.5709 0.1334 0.8387 0.0383 -0.0172 -0.9991
61.4603 33.7314 5.5217 0.1437 0.8265 -0.3554 -0.3989 -0.8453
61.9879 35.248 5.4157 0.1337 0.818 0.1056 -0.0761 -0.9915
63.3584 30.9794 5.4546 0.1379 0.8945 -0.3923 -0.5655 -0.7255
61.4603 33.7314 5.5217 0.1437 0.8265 -0.3554 -0.3989 -0.8453
62.9185 34.1259 5.5709 0.1334 0.8387 0.0383 -0.0172 -0.9991
63.3584 30.9794 5.4546 0.1379 0.8945 -0.3923 -0.5655 -0.7255
62.0571 30.1197 7.2503 0.1583 0.893 -0.7086 -0.6956 -0.1185
61.4603 33.7314 5.5217 0.1437 0.8265 -0.3554 -0.3989 -0.8453
63.9966 29.1566 7.7101 0.1585 0.9163 -0.1406 -0.99 -0.0142
62.0571 30.1197 7.2503 0.1583 0.893 -0.7086 -0.6956 -0.1185
63.3584 30.9794 5.4546 0.1379 0.8945 -0.3923 -0.5655 -0.7255
63.9966 29.1566 7.7101 0.1585 0.9163 -0.1406 -0.99 -0.0142
62.9541 30.8377 9.5374 0.1785 0.8933 -0.6702 -0.5656 0.4806
62.0571 30.1197 7.2503 0.1583 0.893 -0.7086 -0.6956 -0.1185
63.9966 29.1566 7.7101 0.1585 0.9163 -0.1406 -0.99 -0.0142
65.1982 29.7079 9.2366 0.1733 0.939 0.689 -0.5925 0.4174
62.9541 30.8377 9.5374 0.1785 0.8933 -0.6702 -0.5656 0.4806
65.465 29.7966 6.4807 0.1443 0.9403 0.715 -0.6257 -0.3119
65.1982 29.7079 9.2366 0.1733 0.939 0.689 -0.5925 0.4174
63.9966 29.1566 7.7101 0.1585 0.9163 -0.1406 -0.99 -0.0142
64.8497 31.4137 6.6352 0.1508 0.9703 0.9329 0.3454 0.1015
65.1982 29.7079 9.2366 0.1733 0.939 0.689 -0.5925 0.4174
65.465 29.7966 6.4807 0.1443 0.9403 0.715 -0.6257 -0.3119
64.8497 31.4137 6.6352 0.1508 0.9703 0.9329 0.3454 0.1015
64.6011 31.3313 9.1978 0.169 0.97 0.9329 0.3456 0.1016
65.1982 29.7079 9.2366 0.1733 0.939 0.689 -0.5925 0.4174
63.9966 29.1566 7.7101 0.1585 0.9163 -0.1406 -0.99 -0.0142
63.3584 30.9794 5.4546 0.1379 0.8945 -0.3923 -0.5655 -0.7255
65.465 29.7966 6.4807 0.1443 0.9403 0.715 -0.6257 -0.3119
58.2594 36.3646 4.8676 0.1383 0.7791 -0.446 -0.8785 -0.1715
58.8674 34.4938 8.653 0.1723 0.803 -0.6086 -0.6524 0.4516
57.1876 36.0726 8.2223 0.1796 0.7882 -0.5227 -0.8272 -0.2063
59.7155 34.7571 5.1523 0.1439 0.7958 -0.3216 -0.5682 -0.7575
58.8674 34.4938 8.653 0.1723 0.803 -0.6086 -0.6524 0.4516
58.2594 36.3646 4.8676 0.1383 0.7791 -0.446 -0.8785 -0.1715
59.7155 34.7571 5.1523 0.1439 0.7958 -0.3216 -0.5682 -0.7575
60.6227 33.4714 8.979 0.1723 0.8283 -0.5852 -0.5966 0.5492
58.8674 34.4938 8.653 0.1723 0.803 -0.6086 -0.6524 0.4516
61.4603 33.7314 5.5217 0.1437 0.8265 -0.3554 -0.3989 -0.8453
60.6227 33.4714 8.979 0.1723 0.8283 -0.5852 -0.5966 0.5492
59.7155 34.7571 5.1523 0.1439 0.7958 -0.3216 -0.5682 -0.7575
61.4603 33.7314 5.5217 0.1437 0.8265 -0.3554 -0.3989 -0.8453
62.0571 30.1197 7.2503 0.1583 0.893 -0.7086 -0.6956 -0.1185
60.6227 33.4714 8.979 0.1723 0.8283 -0.5852 -0.5966 0.5492
61.9287 33.8186 9.6567 0.1823 0.8375 -0.4669 -0.3844 0.7964
62.0571 30.1197 7.2503 0.1583 0.893 -0.7086 -0.6956 -0.1185
62.9541 30.8377 9.5374 0.1785 0.8933 -0.6702 -0.5656 0.4806
61.9287 33.8186 9.6567 0.1823 0.8375 -0.4669 -0.3844 0.7964
60.6227 33.4714 8.979 0.1723 0.8283 -0.5852 -0.5966 0.5492
62.0571 30.1197 7.2503 0.1583 0.893 -0.7086 -0.6956 -0.1185
60.9924 34.9391 9.5252 0.1822 0.8214 -0.3552 -0.2173 0.9092
60.6227 33.4714 8.979 0.1723 0.8283 -0.5852 -0.5966 0.5492
61.9287 33.8186 9.6567 0.1823 0.8375 -0.4669 -0.3844 0.7964
60.9924 34.9391 9.5252 0.1822 0.8214 -0.3552 -0.2173 0.9092
58.8674 34.4938 8.653 0.1723 0.803 -0.6086 -0.6524 0.4516
60.6227 33.4714 8.979 0.1723 0.8283 -0.5852 -0.5966 0.5492
59.9052 36.1644 9.3355 0.1803 0.8052 -0.3586 -0.1329 0.924
58.8674 34.4938 8.653 0.1723 0.803 -0.6086 -0.6524 0.4516
60.9924 34.9391 9.5252 0.1822 0.8214 -0.3552 -0.2173 0.9092
59.9052 36.1644 9.3355 0.1803 0.8052 -0.3586 -0.1329 0.924
57.1876 36.0726 8.2223 0.1796 0.7882 -0.5227 -0.8272 -0.2063
58.8674 34.4938 8.653 0.1723 0.803 -0.6086 -0.6524 0.4516
58.5853 36.3784 8.751 0.181 0.8029 -0.2281 -0.4499 0.8634
57.1876 36.0726 8.2223 0.1796 0.7882 -0.5227 -0.8272 -0.2063
59.9052 36.1644 9.3355 0.1803 0.8052 -0.3586 -0.1329 0.924
59.3688 35.8489 9.2683 0.1818 0.8059 0.3683 -0.2216 -0.9029
57.1876 36.0726 8.2223 0.1796 0.7882 -0.5227 -0.8272 -0.2063
58.5853 36.3784 8.751 0.181 0.8029 -0.2281 -0.4499 0.8634
59.3688 35.8489 9.2683 0.1818 0.8059 0.3683 -0.2216 -0.9029
58.4204 34.5829 9.1837 0.1873 0.7969 -0.2273 -0.6128 -0.7568
57.1876 36.0726 8.2223 0.1796 0.7882 -0.5227 -0.8272 -0.2063
60.3332 34.965 9.8064 0.1837 0.8279 0.3226 -0.1237 -0.9384
58.4204 34.5829 9.1837 0.1873 0.7969 -0.2273 -0.6128 -0.7568
59.3688 35.8489 9.2683 0.1818 0.8059 0.3683 -0.2216 -0.9029
60.3332 34.965 9.8064 0.1837 0.8279 0.3226 -0.1237 -0.9384
59.4311 33.3414 9.6629 0.1938 0.8252 -0.3276 -0.3654 -0.8713
58.4204 34.5829 9.1837 0.1873 0.7969 -0.2273 -0.6128 -0.7568
60.7307 34.1279 10.0097 0.1875 0.8473 0.2569 0.0017 -0.9664
59.4311 33.3414 9.6629 0.1938 0.8252 -0.3276 -0.3654 -0.8713
60.3332 34.965 9.8064 0.1837 0.8279 0.3226 -0.1237 -0.9384
61.8865 31.3533 9.9582 0.1986 0.8799 -0.048 -0.516 -0.8552
59.4311 33.3414 9.6629 0.1938 0.8252 -0.3276 -0.3654 -0.8713
60.7307 34.1279 10.0097 0.1875 0.8473 0.2569 0.0017 -0.9664
61.8865 31.3533 9.9582 0.1986 0.8799 -0.048 -0.516 -0.8552
60.2697 30.1548 11.0528 0.2151 0.8647 -0.5297 -0.7619 -0.3728
59.4311 33.3414 9.6629 0.1938 0.8252 -0.3276 -0.3654 -0.8713
61.8865 31.3533 9.9582 0.1986 0.8799 -0.048 -0.516 -0.8552
61.4912 29.7429 11.5772 0.2203 0.8861 0.0267 -0.9871 -0.1579
60.2697 30.1548 11.0528 0.2151 0.8647 -0.5297 -0.7619 -0.3728
63.1601 30.4807 10.981 0.2135 0.9162 0.7541 -0.6304 -0.1843
61.4912 29.7429 11.5772 0.2203 0.8861 0.0267 -0.9871 -0.1579
61.8865 31.3533 9.9582 0.1986 0.8799 -0.048 -0.516 -0.8552
50.4827 38.996 -8.6558 0.0741 0.5017 -0.9327 0.2091 -0.2939
50.2167 38.653 -6.461 0.087 0.5287 -0.9737 -0.1047 -0.2021
51.071 40.0936 -8.1359 0.0822 0.4897 -0.5468 0.6739 -0.4969
50.245 37.4826 -7.3886 0.0743 0.5321 -0.9942 -0.107 0.0086
50.2167 38.653 -6.461 0.087 0.5287 -0.9737 -0.1047 -0.2021
50.4827 38.996 -8.6558 0.0741 0.5017 -0.9327 0.2091 -0.2939
50.245 37.4826 -7.3886 0.0743 0.5321 -0.9942 -0.107 0.0086
50.5254 37.5643 -4.3583 0.0933 0.5689 -0.4008 -0.8675 0.2948
50.2167 38.653 -6.461 0.087 0.5287 -0.9737 -0.1047 -0.2021
50.7646 36.4862 -6.5725 0.0731 0.5552 -0.5645 -0.6541 0.5036
50.5254 37.5643 -4.3583 0.0933 0.5689 -0.4008 -0.8675 0.2948
50.245 37.4826 -7.3886 0.0743 0.5321 -0.9942 -0.107 0.0086
50.7646 36.4862 -6.5725 0.0731 0.5552 -0.5645 -0.6541 0.5036
54.6281 37.1603 -6.5688 0.0667 0.6166 0.7494 -0.4337 0.5004
50.5254 37.5643 -4.3583 0.0933 0.5689 -0.4008 -0.8675 0.2948
50.7646 36.4862 -6.5725 0.0731 0.5552 -0.5645 -0.6541 0.5036
53.1032 34.0512 -7.8371 0.0524 0.5774 0.1376 -0.8136 0.5649
54.6281 37.1603 -6.5688 0.0667 0.6166 0.7494 -0.4337 0.5004
50.7646 36.4862 -6.5725 0.0731 0.5552 -0.5645 -0.6541 0.5036
50.494 34.6619 -9.1311 0.0516 0.5321 -0.83 -0.5569 -0.0308
53.1032 34.0512 -7.8371 0.0524 0.5774 0.1376 -0.8136 0.5649
50.245 37.4826 -7.3886 0.0743 0.5321 -0.9942 -0.107 0.0086
50.494 34.6619 -9.1311 0.0516 0.5321 -0.83 -0.5569 -0.0308
50.7646 36.4862 -6.5725 0.0731 0.5552 -0.5645 -0.6541 0.5036
50.245 37.4826 -7.3886 0.0743 0.5321 -0.9942 -0.107 0.0086
50.4827 38.996 -8.6558 0.0741 0.5017 -0.9327 0.2091 -0.2939
50.494 34.6619 -9.1311 0.0516 0.5321 -0.83 -0.5569 -0.0308
53.2694 41.4445 -6.9636 0.0898 0.4443 0.3442 0.7835 -0.5173
54.7992 40.6789 -4.3161 0.0934 0.4039 0.8576 0.2505 -0.4491
54.6293 40.2823 -5.7913 0.0848 0.4138 0.784 0.5041 -0.3623
53.2694 41.4445 -6.9636 0.0898 0.4443 0.3442 0.7835 -0.5173
53.9982 42.2337 -4.8707 0.1034 0.4211 0.527 0.5823 -0.619
54.7992 40.6789 -4.3161 0.0934 0.4039 0.8576 0.2505 -0.4491
50.2991 41.1978 -6.692 0.0984 0.4936 -0.5477 0.5049 -0.6671
53.9982 42.2337 -4.8707 0.1034 0.4211 0.527 0.5823 -0.619
53.2694 41.4445 -6.9636 0.0898 0.4443 0.3442 0.7835 -0.5173
50.2991 41.1978 -6.692 0.0984 0.4936 -0.5477 0.5049 -0.6671
49.742 43.1516 -4.6527 0.1216 0.4831 -0.4609 0.5832 -0.6689
53.9982 42.2337 -4.8707 0.1034 0.4211 0.527 0.5823 -0.619
49.1616 39.868 -5.2966 0.1034 0.5282 -0.8954 -0.198 -0.3989
49.742 43.1516 -4.6527 0.1216 0.4831 -0.4609 0.5832 -0.6689
50.2991 41.1978 -6.692 0.0984 0.4936 -0.5477 0.5049 -0.6671
47.9484 41.2694 -2.9211 0.1278 0.5282 -0.9686 -0.0556 -0.2423
49.742 43.1516 -4.6527 0.1216 0.4831 -0.4609 0.5832 -0.6689
49.1616 39.868 -5.2966 0.1034 0.5282 -0.8954 -0.198 -0.3989
47.7977 42.6675 -1.1262 0.1455 0.5276 -0.9851 0.0795 -0.1526
49.742 43.1516 -4.6527 0.1216 0.4831 -0.4609 0.5832 -0.6689
47.9484 41.2694 -2.9211 0.1278 0.5282 -0.9686 -0.0556 -0.2423
50.1041 45.2727 -2.8203 0.1404 0.4658 -0.3441 0.6764 -0.6512
49.742 43.1516 -4.6527 0.1216 0.4831 -0.4609 0.5832 -0.6689
47.7977 42.6675 -1.1262 0.1455 0.5276 -0.9851 0.0795 -0.1526
50.1041 45.2727 -2.8203 0.1404 0.4658 -0.3441 0.6764 -0.6512
53.9982 42.2337 -4.8707 0.1034 0.4211 0.527 0.5823 -0.619
49.742 43.1516 -4.6527 0.1216 0.4831 -0.4609 0.5832 -0.6689
55.2673 43.4273 -2.889 0.1151 0.3893 0.4398 0.3799 -0.8138
53.9982 42.2337 -4.8707 0.1034 0.4211 0.527 0.5823 -0.619
50.1041 45.2727 -2.8203 0.1404 0.4658 -0.3441 0.6764 -0.6512
55.2673 43.4273 -2.889 0.1151 0.3893 0.4398 0.3799 -0.8138
54.7992 40.6789 -4.3161 0.0934 0.4039 0.8576 0.2505 -0.4491
53.9982 42.2337 -4.8707 0.1034 0.4211 0.527 0.5823 -0.619
55.2673 43.4273 -2.889 0.1151 0.3893 0.4398 0.3799 -0.8138
55.3052 40.4876 -3.2292 0.096 0.3844 0.6288 0.0974 -0.7714
54.7992 40.6789 -4.3161 0.0934 0.4039 0.8576 0.2505 -0.4491
55.2673 43.4273 -2.889 0.1151 0.3893 0.4398 0.3799 -0.8138
56.3283 39.9157 -2.9286 0.094 0.364 0.1224 0.0862 -0.9887
55.3052 40.4876 -3.2292 0.096 0.3844 0.6288 0.0974 -0.7714
59.54 41.5072 -2.6761 0.096 0.3433 0.2609 0.2455 -0.9336
56.3283 39.9157 -2.9286 0.094 0.364 0.1224 0.0862 -0.9887
55.2673 43.4273 -2.889 0.1151 0.3893 0.4398 0.3799 -0.8138
59.54 41.5072 -2.6761 0.096 0.3433 0.2609 0.2455 -0.9336
58.1665 39.3518 -3.019 0.0839 0.3636 0.1039 0.1397 -0.9847
56.3283 39.9157 -2.9286 0.094 0.364 0.1224 0.0862 -0.9887
60.5199 40.5861 -2.5976 0.0879 0.3344 0.4266 0.3026 -0.8523
58.1665 39.3518 -3.019 0.0839 0.3636 0.1039 0.1397 -0.9847
59.54 41.5072 -2.6761 0.096 0.3433 0.2609 0.2455 -0.9336
60.5199 40.5861 -2.5976 0.0879 0.3344 0.4266 0.3026 -0.8523
62.7953 38.5948 -1.986 0.0659 0.3216 0.495 0.5722 -0.6539
58.1665 39.3518 -3.019 0.0839 0.3636 0.1039 0.1397 -0.9847
60.5199 40.5861 -2.5976 0.0879 0.3344 0.4266 0.3026 -0.8523
61.4423 40.9794 -1.2085 0.0914 0.3112 0.5878 0.5871 -0.5565
62.7953 38.5948 -1.986 0.0659 0.3216 0.495 0.5722 -0.6539
60.5199 40.5861 -2.5976 0.0879 0.3344 0.4266 0.3026 -0.8523
60.8738 41.7777 -0.874 0.0993 0.315 0.5749 0.6131 -0.5419
61.4423 40.9794 -1.2085 0.0914 0.3112 0.5878 0.5871 -0.5565
59.54 41.5072 -2.6761 0.096 0.3433 0.2609 0.2455 -0.9336
60.8738 41.7777 -0.874 0.0993 0.315 0.5749 0.6131 -0.5419
60.5199 40.5861 -2.5976 0.0879 0.3344 0.4266 0.3026 -0.8523
61.8865 31.3533 9.9582 0.1313 0.0627 0.6735 0.2053 -0.7101
62.6614 32.625 11.1962 0.1456 0.0529 -0.0832 -0.7618 0.6425
63.1601 30.4807 10.981 0.1385 0.0329 0.7004 0.2307 -0.6754
63.1927 33.0081 11.7626 0.1515 0.0597 0.9711 -0.2193 -0.0946
62.6614 32.625 11.1962 0.1456 0.0529 -0.0832 -0.7618 0.6425
61.8865 31.3533 9.9582 0.1313 0.0627 0.6735 0.2053 -0.7101
63.1927 33.0081 11.7626 0.1515 0.0597 0.9711 -0.2193 -0.0946
62.0272 32.5878 13.6361 0.1668 0.0483 -0.664 0.3017 -0.6842
62.6614 32.625 11.1962 0.1456 0.0529 -0.0832 -0.7618 0.6425
62.7643 32.9828 13.4112 0.1629 0.0571 0.72 -0.2392 0.6515
62.0272 32.5878 13.6361 0.1668 0.0483 -0.664 0.3017 -0.6842
63.1927 33.0081 11.7626 0.1515 0.0597 0.9711 -0.2193 -0.0946
60.5749 35.8459 13.5301 0.1758 0.1107 -0.0045 0.1669 0.986
57.6721 36.3294 12.9813 0.1922 0.1294 -0.0559 0.1429 0.9882
58.7555 34.8172 13.4254 0.1897 0.1087 -0.097 0.0863 0.9915
60.2039 37.9893 12.8241 0.1749 0.1326 0.4117 0.3719 0.832
57.6721 36.3294 12.9813 0.1922 0.1294 -0.0559 0.1429 0.9882
60.5749 35.8459 13.5301 0.1758 0.1107 -0.0045 0.1669 0.986
60.2039 37.9893 12.8241 0.1749 0.1326 0.4117 0.3719 0.832
55.0617 39.0489 12.8694 0.1982 0.1582 -0.0964 0.1066 0.9896
57.6721 36.3294 12.9813 0.1922 0.1294 -0.0559 0.1429 0.9882
58.0086 39.7466 12.9989 0.1797 0.1595 0.1626 0.1221 0.9791
55.0617 39.0489 12.8694 0.1982 0.1582 -0.0964 0.1066 0.9896
60.2039 37.9893 12.8241 0.1749 0.1326 0.4117 0.3719 0.832
58.0086 39.7466 12.9989 0.1797 0.1595 0.1626 0.1221 0.9791
57.3415 40.9567 12.8875 0.1833 0.178 0.1991 0.4769 0.8561
55.0617 39.0489 12.8694 0.1982 0.1582 -0.0964 0.1066 0.9896
59.6855 40.3248 11.9969 0.1665 0.163 0.5823 0.5714 0.5783
57.3415 40.9567 12.8875 0.1833 0.178 0.1991 0.4769 0.8561
58.0086 39.7466 12.9989 0.1797 0.1595 0.1626 0.1221 0.9791
58.8522 41.1196 11.3254 0.1682 0.1847 0.3929 0.7946 0.4629
57.3415 40.9567 12.8875 0.1833 0.178 0.1991 0.4769 0.8561
59.6855 40.3248 11.9969 0.1665 0.163 0.5823 0.5714 0.5783
53.9507 43.2155 11.9707 0.1963 0.214 -0.0727 0.2795 0.9574
57.3415 40.9567 12.8875 0.1833 0.178 0.1991 0.4769 0.8561
58.8522 41.1196 11.3254 0.1682 0.1847 0.3929 0.7946 0.4629
51.9854 41.3257 11.9097 0.2086 0.1893 -0.1665 0.1607 0.9729
57.3415 40.9567 12.8875 0.1833 0.178 0.1991 0.4769 0.8561
53.9507 43.2155 11.9707 0.1963 0.214 -0.0727 0.2795 0.9574
51.9854 41.3257 11.9097 0.2086 0.1893 -0.1665 0.1607 0.9729
55.0617 39.0489 12.8694 0.1982 0.1582 -0.0964 0.1066 0.9896
57.3415 40.9567 12.8875 0.1833 0.178 0.1991 0.4769 0.8561
58.0086 39.7466 12.9989 0.1797 0.1595 0.1626 0.1221 0.9791
60.2039 37.9893 12.8241 0.1749 0.1326 0.4117 0.3719 0.832
59.6855 40.3248 11.9969 0.1665 0.163 0.5823 0.5714 0.5783
53.1732 33.6606 -9.4705 0.0401 0.5704 0.1689 -0.9729 -0.1579
54.5983 35.3614 -10.9421 0.0257 0.597 0.3395 -0.3349 -0.8789
55.3544 35.5101 -9.1264 0.0437 0.6193 0.7533 -0.6198 0.2199
51.3015 34.786 -10.9453 0.0353 0.5262 -0.4747 -0.2808 -0.8342
54.5983 35.3614 -10.9421 0.0257 0.597 0.3395 -0.3349 -0.8789
53.1732 33.6606 -9.4705 0.0401 0.5704 0.1689 -0.9729 -0.1579
51.1697 36.0922 -10.1506 0.0207 0.5388 -0.0884 0.5112 -0.8549
54.5983 35.3614 -10.9421 0.0257 0.597 0.3395 -0.3349 -0.8789
51.3015 34.786 -10.9453 0.0353 0.5262 -0.4747 -0.2808 -0.8342
51.1697 36.0922 -10.1506 0.0207 0.5388 -0.0884 0.5112 -0.8549
54.2358 36.6274 -10.1475 0.0162 0.579 -0.0884 0.5112 -0.8549
54.5983 35.3614 -10.9421 0.0257 0.597 0.3395 -0.3349 -0.8789
64.5724 37.4351 1.9089 0.0758 0.2198 0.7124 0.4673 -0.5235
64.5522 37.1346 4.5034 0.0852 0.197 0.699 0.3335 0.6327
65.0044 36.3273 1.7961 0.0682 0.2134 0.7929 0.3008 -0.53
55.2882 38.4475 -2.2615 0.0978 0.6586 -0.2542 -0.7792 -0.573
57.6329 37.9297 -2.7876 0.0895 0.6777 -0.3741 -0.5184 -0.769
56.7996 37.2025 0.9744 0.1141 0.7083 -0.3844 -0.9103 -0.1535
61.0259 34.6271 -3.4753 0.0624 0.6983 -0.6455 -0.3392 -0.6843
62.3807 35.0673 -3.7677 0.0519 0.6875 -0.2382 0.0909 -0.9669
62.9655 32.8743 -4.3567 0.0345 0.7057 -0.4919 -0.5263 -0.6936
61.0259 34.6271 -3.4753 0.0624 0.6983 -0.6455 -0.3392 -0.6843
61.3868 36.1791 -3.6092 0.0614 0.6746 -0.2476 0.0122 -0.9688
62.3807 35.0673 -3.7677 0.0519 0.6875 -0.2382 0.0909 -0.9669
59.3842 35.9502 -3.0561 0.0761 0.689 -0.5937 -0.4716 -0.652
61.3868 36.1791 -3.6092 0.0614 0.6746 -0.2476 0.0122 -0.9688
61.0259 34.6271 -3.4753 0.0624 0.6983 -0.6455 -0.3392 -0.6843
59.3842 35.9502 -3.0561 0.0761 0.689 -0.5937 -0.4716 -0.652
60.3205 37.2969 -3.1661 0.0718 0.6621 -0.2045 0.0397 -0.9781
61.3868 36.1791 -3.6092 0.0614 0.6746 -0.2476 0.0122 -0.9688
57.6329 37.9297 -2.7876 0.0895 0.6777 -0.3741 -0.5184 -0.769
60.3205 37.2969 -3.1661 0.0718 0.6621 -0.2045 0.0397 -0.9781
59.3842 35.9502 -3.0561 0.0761 0.689 -0.5937 -0.4716 -0.652
57.6329 37.9297 -2.7876 0.0895 0.6777 -0.3741 -0.5184 -0.769
58.1665 39.3518 -3.019 0.0868 0.6614 -0.1204 -0.1153 -0.986
60.3205 37.2969 -3.1661 0.0718 0.6621 -0.2045 0.0397 -0.9781
57.6329 37.9297 -2.7876 0.0895 0.6777 -0.3741 -0.5184 -0.769
56.3283 39.9157 -2.9286 0.0919 0.6597 -0.0988 -0.3069 -0.9466
58.1665 39.3518 -3.019 0.0868 0.6614 -0.1204 -0.1153 -0.986
55.2882 38.4475 -2.2615 0.0978 0.6586 -0.2542 -0.7792 -0.573
56.3283 39.9157 -2.9286 0.0919 0.6597 -0.0988 -0.3069 -0.9466
57.6329 37.9297 -2.7876 0.0895 0.6777 -0.3741 -0.5184 -0.769
55.2882 38.4475 -2.2615 0.0978 0.6586 -0.2542 -0.7792 -0.573
55.3052 40.4876 -3.2292 0.0916 0.6556 0.2363 -0.4839 -0.8426
56.3283 39.9157 -2.9286 0.0919 0.6597 -0.0988 -0.3069 -0.9466
54.6072 38.8984 -2.5419 0.0965 0.6484 0.0201 -0.8272 -0.5615
55.3052 40.4876 -3.2292 0.0916 0.6556 0.2363 -0.4839 -0.8426
55.2882 38.4475 -2.2615 0.0978 0.6586 -0.2542 -0.7792 -0.573
54.3367 39.1291 -3.3008 0.0922 0.642 0.6119 -0.7896 -0.046
55.3052 40.4876 -3.2292 0.0916 0.6556 0.2363 -0.4839 -0.8426
54.6072 38.8984 -2.5419 0.0965 0.6484 0.0201 -0.8272 -0.5615
54.3367 39.1291 -3.3008 0.0922 0.642 0.6119 -0.7896 -0.046
54.7992 40.6789 -4.3161 0.0899 0.6543 0.9038 -0.388 -0.1806
55.3052 40.4876 -3.2292 0.0916 0.6556 0.7437 -0.5072 -0.4355
54.3367 39.1291 -3.3008 0.0922 0.642 0.6119 -0.7896 -0.046
54.6293 40.2823 -5.7913 0.0832 0.6499 0.9946 -0.1034 -0.0052
54.7992 40.6789 -4.3161 0.0899 0.6543 0.9038 -0.388 -0.1806
54.585 38.3547 -4.7073 0.0822 0.6275 0.7862 -0.4912 0.3749
54.6293 40.2823 -5.7913 0.0832 0.6499 0.9946 -0.1034 -0.0052
54.3367 39.1291 -3.3008 0.0922 0.642 0.6119 -0.7896 -0.046
54.585 38.3547 -4.7073 0.0822 0.6275 0.7862 -0.4912 0.3749
54.5268 39.4052 -6.4569 0.0747 0.6458 0.9981 0.0612 0.0036
54.6293 40.2823 -5.7913 0.0832 0.6499 0.9946 -0.1034 -0.0052
54.7808 38.2741 -7.3842 0.0645 0.6366 0.9838 0.166 0.067
54.5268 39.4052 -6.4569 0.0747 0.6458 0.9981 0.0612 0.0036
54.585 38.3547 -4.7073 0.0822 0.6275 0.7862 -0.4912 0.3749
