Vertex Count: 36

Data:

-32 0 32 0.0357 0.02 -0.576376 -0.576376 0.576376
-0.5 0 -0.5 0.3422 0.02 -0.576376 -0.576376 -0.576376
0.5 0 -0.5 0.3422 0.3264 0.576376 -0.576376 -0.576376
0.5 0 -0.5 0.3422 0.3264 0.576376 -0.576376 -0.576376
0.5 0 0.5 0.0357 0.3264 0.576376 -0.576376 0.576376
-0.5 0 0.5 0.0357 0.02 -0.576376 -0.576376 0.576376
0.5 1.0 -0.5 0.98 0.6736 0.576376 0.576376 -0.576376
-0.5 1.0 -0.5 0.98 0.98 -0.576376 0.576376 -0.576376
-0.5 1.0 0.5 0.6736 0.98 -0.576376 0.576376 0.576376
-0.5 1.0 0.5 0.6736 0.98 -0.576376 0.576376 0.576376
0.5 1.0 0.5 0.6736 0.6736 0.576376 0.576376 0.576376
0.5 1.0 -0.5 0.98 0.6736 0.576376 0.576376 -0.576376
0.5 0 -0.5 0.3422 0.6532 0.576376 -0.576376 -0.576376
-0.5 0 -0.5 0.0357 0.6532 -0.576376 -0.576376 -0.576376
-0.5 1.0 -0.5 0.0357 0.3468 -0.576376 0.576376 -0.576376
-0.5 1.0 -0.5 0.0357 0.3468 -0.576376 0.576376 -0.576376
0.5 1.0 -0.5 0.3422 0.3468 0.576376 0.576376 -0.576376
0.5 0 -0.5 0.3422 0.6532 0.576376 -0.576376 -0.576376
0.5 0 0.5 0.669 0.6414 0.576376 -0.576376 0.576376
0.5 0 -0.5 0.3625 0.6414 0.576376 -0.576376 -0.576376
0.5 1.0 -0.5 0.3625 0.335 0.576376 0.576376 -0.576376
0.5 1.0 -0.5 0.3625 0.335 0.576376 0.576376 -0.576376
0.5 1.0 0.5 0.669 0.335 0.576376 0.576376 0.576376
0.5 0 0.5 0.669 0.6414 0.576376 -0.576376 0.576376
-0.5 0 0.5 0.6532 0.98 -0.576376 -0.576376 0.576376
0.5 0 0.5 0.3468 0.98 0.576376 -0.576376 0.576376
0.5 1.0 0.5 0.3468 0.6736 0.576376 0.576376 0.576376
0.5 1.0 0.5 0.3468 0.6736 0.576376 0.576376 0.576376
-0.5 1.0 0.5 0.6532 0.6736 -0.576376 0.576376 0.576376
-0.5 0 0.5 0.6532 0.98 -0.576376 -0.576376 0.576376
-0.5 0 -0.5 0.3264 0.98 -0.576376 -0.576376 -0.576376
-0.5 0 0.5 0.02 0.98 -0.576376 -0.576376 0.576376
-0.5 1.0 0.5 0.02 0.6736 -0.576376 0.576376 0.576376
-0.5 1.0 0.5 0.02 0.6736 -0.576376 0.576376 0.576376
-0.5 1.0 -0.5 0.3264 0.6736 -0.576376 0.576376 -0.576376
-0.5 0 -0.5 0.3264 0.98 -0.576376 -0.576376 -0.576376